# Training set created while using properties: /Users/anne/Desktop/AZ/az-dnaonly.properties
label prophase round
round 1 2895 69 539 572
round 8 639 66 919 768
round 7 89 71 636 52
round 7 199 64 1043 396
round 9 3517 126 847 609
round 6 198 143 1070 568
round 6 84 176 981 91
round 7 3052 202 1022 99
round 2 579 26 247 991
round 3 323 190 1220 370
round 7 639 157 714 655
round 1 479 56 224 497
round 9 478 211 1175 63
round 3 591 75 870 116
round 5 480 275 914 60
round 2 561 107 585 88
round 2 3431 42 614 601
round 3 147 110 617 314
round 2 100 90 1197 363
round 5 6 268 1190 583
round 3 3164 76 412 820
round 0 84 385 805 75
round 0 484 139 499 308
round 3 2962 32 169 463
round 3 3012 49 414 25
round 5 437 296 1168 657
round 1 2884 210 1050 183
round 2 2961 149 843 197
round 3 3046 30 235 44
round 4 2922 21 120 933
round 5 718 151 642 764
round 5 3359 310 1120 458
round 3 483 143 713 146
round 7 2800 541 1183 217
round 6 480 102 639 523
round 4 3660 53 692 508
round 5 81 119 1194 432
round 6 639 56 307 235
round 9 322 51 227 877
round 9 477 24 146 551
round 9 3316 67 716 975
round 1 84 105 499 512
round 2 3560 91 585 469
round 3 660 178 921 314
round 3 3364 8 77 726
round 3 3402 140 543 985
round 6 561 137 820 580
round 7 2880 213 679 311
round 1 3359 256 1212 129
round 2 159 154 974 260
round 3 321 99 433 139
round 7 240 177 766 907
round 8 638 8 144 547
round 9 3209 26 418 34
round 5 3204 108 393 353
round 8 440 116 994 355
round 1 90 63 1082 413
round 1 3317 18 79 962
round 3 144 42 388 233
round 6 84 192 1089 879
round 4 3809 149 948 103
round 3 679 9 85 652
round 9 3121 24 154 646
round 1 398 51 565 102
round 0 81 220 547 116
round 3 3401 137 561 946
round 0 99 329 1209 510
round 5 3318 17 104 520
round 2 521 124 1211 836
round 7 81 135 672 768
round 6 521 107 962 121
round 6 322 50 301 822
round 7 720 182 1031 504
round 8 314 14 226 921
round 4 3097 165 1039 176
round 7 3289 218 867 317
round 1 468 74 1100 721
round 4 255 48 645 918
round 5 3441 21 143 928
round 3 3285 9 113 840
round 4 3357 151 777 710
round 4 3093 193 1020 744
round 4 3357 149 766 572
round 3 3120 28 161 431
prophase 3 107 48 953 740
prophase 5 489 204 1181 92
prophase 2 3039 194 525 203
prophase 7 2922 460 725 532
prophase 5 524 36 212 196
prophase 1 3215 1 35 466
prophase 3 2881 174 891 281
prophase 9 371 66 495 614
prophase 5 3360 194 568 868
prophase 7 2681 524 1075 305
prophase 1 2975 66 757 751
prophase 3 10 42 1013 58
prophase 7 3098 3 27 504
prophase 3 338 104 1182 341
prophase 7 60 47 549 524
prophase 1 3458 90 794 792
prophase 3 273 8 208 316
prophase 3 2962 128 609 275
prophase 3 3374 111 934 345
prophase 7 3162 414 678 437
prophase 3 93 39 540 687
prophase 2 42 56 402 508
prophase 3 97 60 1186 95
prophase 6 283 99 1188 210
prophase 3 577 4 73 611
prophase 0 311 6 127 823
prophase 0 65 88 1039 772
prophase 3 98 77 963 971
prophase 0 68 37 444 450
prophase 3 3137 46 666 551
prophase 3 338 60 592 134
prophase 2 3118 205 978 779
prophase 0 311 73 759 836
prophase 7 2880 6 42 425
prophase 3 25 108 1064 754
prophase 9 2970 27 456 788
prophase 3 29 28 471 450
prophase 0 679 565 1147 884
prophase 3 34 182 1195 172
prophase 0 564 211 828 209
prophase 3 501 25 222 265
prophase 3 3138 92 861 177
prophase 0 312 119 1122 161
prophase 0 543 118 1045 573
prophase 3 2885 20 246 174
prophase 9 614 5 414 662
prophase 7 3203 114 369 56
prophase 9 380 45 395 208
prophase 9 3205 59 492 865
prophase 1 612 30 454 648
prophase 0 72 42 571 616
prophase 3 85 12 239 79
prophase 0 59 70 682 315
prophase 0 550 98 1160 478
prophase 0 57 28 996 459
prophase 0 295 76 828 662
prophase 1 210 19 286 46
prophase 7 238 191 786 981
prophase 5 3360 174 522 511
prophase 3 3362 16 88 414
prophase 3 253 53 809 650
prophase 0 302 64 682 415
prophase 0 302 19 142 970
prophase 0 294 1 35 873
prophase 3 345 39 454 599
prophase 3 325 43 585 350
prophase 0 541 72 836 688
prophase 3 33 127 999 538
prophase 0 295 73 817 708
prophase 7 2838 508 822 500
prophase 9 3450 83 1158 740
prophase 3 109 21 411 1001
prophase 3 98 85 1074 356
prophase 3 505 7 80 446
prophase 0 300 41 427 479
prophase 0 309 1 30 535
prophase 3 257 34 602 918
prophase 0 306 84 781 806
prophase 3 573 93 981 142
prophase 1 3220 57 903 632
prophase 3 250 67 1111 445
prophase 0 548 36 463 658
prophase 1 2973 33 547 221
prophase 7 2684 186 476 292
prophase 3 15 27 572 848
prophase 3 2889 49 1219 825
prophase 3 254 65 923 708
prophase 0 541 81 883 871
prophase 3 249 17 443 563
prophase 3 509 82 1024 391
prophase 1 3212 10 303 620
prophase 3 3366 52 612 847
prophase 3 565 62 988 496
prophase 3 34 97 711 644
prophase 3 719 163 553 140
prophase 0 538 75 1257 211
prophase 3 82 165 736 234
prophase 0 546 133 1068 423
prophase 0 533 55 497 624
prophase 0 55 89 671 474
prophase 5 3038 115 373 523
prophase 7 2642 210 558 86
prophase 3 258 48 1015 213
prophase 0 62 130 1165 893
prophase 1 333 33 986 443
prophase 0 311 71 737 802
prophase 7 2879 75 727 427
