label imagenumber objectnumber
+1 26699 25
+1 30913 56
+1 32482 252
+1 5217 111
+1 4978 159
+1 24294 180
+1 31421 505
+1 19467 27
+1 38847 31
+1 38728 284
+1 20073 83
+1 8765 65
+1 29790 392
+1 24636 10
+1 10418 289
+1 4511 18
+1 5840 158
+1 11196 81
+1 32172 114
+1 28896 57
+1 27476 227
+1 26507 192
+1 30017 108
+1 30646 21
+1 7259 218
+1 260 43
+1 34785 453
+1 32498 257
+1 377 14
+1 10388 136
+1 23748 417
+1 40969 29
+1 21176 95
+1 27528 121
+1 33235 112
+1 30560 71
+1 19466 206
+1 19466 117
+1 19466 151
+1 36503 154
+1 36503 52
+1 14997 65
+1 20789 56
+1 34530 68
+1 34530 112
+1 34530 102
+1 34530 158
+1 34531 33
+1 34531 43
+1 3783 316
+1 3783 321
+1 20790 166
+1 20790 98
+1 20790 46
+1 20790 154
+1 20790 18
+1 19465 115
+1 19465 162
+1 19465 145
+1 19465 29
+1 19465 107
+1 19465 154
+1 19465 188
+1 19465 54
+1 19465 7
+1 19468 130
+1 19468 150
+1 19468 120
+1 19468 32
+1 19468 109
+1 19468 86
+1 19468 80
+1 19468 121
+1 19468 130
+1 19468 78
+1 19467 111
+1 19467 182
+1 19467 78
+1 19467 51
+1 19467 150
+1 19467 69
+1 19467 130
+1 42612 414
+1 6523 7
+1 3486 47
+1 15776 357
+1 37662 10
+1 6640 59
+1 21749 116
+1 39153 88
+1 24307 223
+1 27581 88
+1 33006 518
+1 41648 622
+1 28308 37
+1 42172 255
+1 29491 271
+1 40219 185
+1 31306 202
+1 27884 5
+1 24929 30
+1 10444 166
+1 24826 15
+1 34914 274
+1 32526 20
+1 24414 428
+1 25083 32
+1 23372 206
+1 34538 55
+1 29828 2
+1 19095 13
+1 42456 461
+1 29428 29
+1 35853 42
+1 41802 165
+1 22488 38
+1 13215 192
+1 34373 235
+1 19586 103
+1 18628 112
+1 19279 16
+1 32475 76
+1 38961 172
+1 29189 16
+1 19154 221
+1 42385 588
+1 29754 3
+1 35376 70
+1 24171 155
+1 39564 77
+1 36995 688
+1 21165 109
+1 26341 64
+1 36066 89
+1 32471 98
+1 18865 166
+1 23495 739
+1 25586 19
+1 26986 12
+1 32901 62
+1 39016 329
+1 25717 7
+1 27888 449
+1 30088 69
+1 39253 107
+1 33270 127
+1 33151 648
+1 32830 488
+1 28901 155
+1 4056 172
+1 14414 42
+1 33849 11
+1 19280 131
+1 36239 122
+1 26164 395
+1 42385 196
+1 9858 78
+1 39503 345
+1 35958 192
+1 30022 34
+1 37586 110
+1 38424 99
+1 41943 36
+1 37191 228
+1 31645 85
+1 30021 77
+1 27912 17
+1 19466 144
+1 38410 87
+1 8750 132
+1 17574 16
+1 37043 258
+1 36423 104
+1 6306 141
+1 31940 147
+1 34316 1
+1 19742 163
+1 23363 606
+1 14505 111
+1 38767 71
+1 42163 526
+1 30339 94
+1 28642 173
+1 29697 70
+1 35069 42
+1 19459 100
+1 31276 212
+1 23223 614
+1 10289 107
+1 39646 121
+1 41806 128
+1 30392 68
+1 32613 168
+1 27686 167
+1 37807 76
+1 40074 14
+1 22835 70
+1 23443 174
+1 22205 20
+1 42547 94
+1 32068 63
+1 25030 20
+1 435 570
+1 36260 346
+1 36143 501
+1 17195 192
+1 4285 38
+1 13027 21
+1 38612 130
+1 4102 10
+1 5230 135
+1 29758 1
+1 28506 89
+1 20791 3
+1 4652 73
+1 42375 54
+1 23443 108
+1 8914 175
+1 23960 88
+1 19121 63
+1 18899 68
+1 26683 8
+1 32613 196
+1 32524 564
+1 30994 84
+1 14804 531
+1 20287 344
+1 17059 375
+1 37127 453
+1 35752 405
+1 12344 30
+1 41446 199
+1 22690 146
+1 27423 21
+1 9467 56
+1 9356 139
+1 30016 71
+1 42857 223
+1 31495 249
+1 29911 126
+1 32500 405
+1 5634 26
+1 27163 167
+1 27281 14
+1 29007 66
+1 42917 333
+1 1131 61
+1 35829 45
+1 33724 83
+1 36501 77
+1 41839 606
+1 37395 163
+1 6872 78
+1 6306 141
+1 28611 15
+1 41091 57
+1 6560 95
+1 30023 74
+1 40149 2
+1 41934 412
+1 2038 67
+1 11058 234
+1 28973 135
+1 17186 26
+1 30582 126
+1 25792 21
+1 31123 74
+1 25130 35
+1 29271 528
+1 29623 95
+1 20572 266
+1 24062 447
+1 36501 7
+1 25477 47
+1 11000 19
+1 39198 95
+1 10093 30
+1 26069 95
+1 20792 66
+1 39200 168
+1 36065 49
+1 15659 27
+1 23791 377
+1 19467 27
+1 4533 90
+1 15985 102
+1 17694 56
+1 4258 61
+1 35594 45
+1 23790 105
+1 1364 16
+1 25480 69
+1 25826 89
+1 40681 16
+1 4845 9
+1 37452 24
+1 40084 60
+1 13665 173
+1 33580 174
+1 39864 96
+1 14359 17
+1 42836 192
+1 42270 60
+1 3681 2
+1 907 107
+1 36502 32
+1 11573 51
+1 26515 52
+1 4706 70
+1 30996 198
+1 40528 220
+1 12122 81
+1 21826 184
+1 32503 55
+1 33393 309
+1 36310 86
+1 19466 123
+1 9056 9
+1 40875 72
+1 32503 55
+1 35376 162
+1 33692 87
+1 27247 2
+1 39201 177
+1 36351 149
+1 38668 9
+1 22462 206
+1 22764 313
+1 39572 232
+1 9483 344
+1 9867 48
+1 5504 21
+1 21752 24
+1 4843 2
+1 36881 51
+1 5604 98
+1 543 6
+1 8920 14
+1 29549 160
+1 35637 102
+1 4107 85
+1 133 48
+1 30271 100
+1 41455 263
+1 5772 105
+1 22420 113
+1 13139 128
+1 41519 11
+1 41701 74
+1 32117 331
-1 32652 50
-1 34252 448
-1 27063 73
-1 7117 54
-1 29076 56
-1 4938 7
-1 39733 82
-1 9937 72
-1 11433 10
-1 36762 54
-1 30775 491
-1 291 79
-1 9995 115
-1 32841 264
-1 34202 30
-1 35543 264
-1 21898 69
-1 20939 58
-1 7130 8
-1 15762 190
-1 39570 42
-1 4907 117
-1 19780 4
-1 14026 32
-1 20703 287
-1 14084 45
-1 6040 1
-1 9536 21
-1 18269 35
-1 1387 114
-1 25914 17
-1 6735 41
-1 30067 240
-1 34658 67
-1 22208 5
-1 30802 78
-1 39595 434
-1 32803 668
-1 37754 64
-1 9660 7
-1 5551 64
-1 19213 79
-1 32717 18
-1 5154 63
-1 6554 68
-1 22254 56
-1 21697 2
-1 21720 9
-1 17106 88
-1 7187 11
-1 5018 20
-1 23922 117
-1 36931 176
-1 10024 53
-1 27193 58
-1 25362 26
-1 23656 184
-1 30893 16
-1 19466 172
-1 19466 141
-1 19466 148
-1 19466 95
-1 36503 43
-1 36503 83
-1 14997 56
-1 14997 55
-1 14997 47
-1 14997 4
-1 20789 141
-1 3782 13
-1 20789 91
-1 20789 124
-1 3782 59
-1 3782 212
-1 3782 104
-1 3782 4
-1 3782 131
-1 3782 300
-1 3782 253
-1 3782 82
-1 3782 129
-1 3782 286
-1 3782 199
-1 3782 60
-1 3782 21
-1 3782 184
-1 18449 37
-1 23514 166
-1 36758 366
-1 23631 167
-1 41596 301
-1 28464 70
-1 30203 291
-1 3204 60
-1 36153 99
-1 36390 295
-1 24893 108
-1 34530 16
-1 34530 101
-1 34530 27
-1 34530 15
-1 34530 21
-1 34531 58
-1 34531 5
-1 34531 170
-1 34531 149
-1 34531 167
-1 34531 229
-1 34531 119
-1 34531 12
-1 34531 190
-1 34531 39
-1 3783 201
-1 3783 169
-1 3783 50
-1 3783 35
-1 3783 367
-1 3783 143
-1 3783 423
-1 3783 108
-1 3783 249
-1 3783 201
-1 20790 36
-1 20790 60
-1 20790 74
-1 20790 133
-1 20790 162
-1 36505 78
-1 36505 213
-1 36505 233
-1 36505 147
-1 36505 208
-1 36505 81
-1 36505 44
-1 36505 227
-1 36505 17
-1 36505 211
-1 19468 56
-1 19468 10
-1 19467 44
-1 39889 48
-1 30578 196
-1 22 50
-1 33904 200
-1 42392 81
-1 5418 42
-1 31862 358
-1 31141 72
-1 18115 5
-1 31790 103
-1 26734 233
-1 42509 159
-1 7261 39
-1 7150 34
-1 21437 57
-1 40395 467
-1 34568 425
-1 37722 121
-1 8510 82
-1 23227 435
-1 20195 16
-1 27109 186
-1 22219 1
-1 10403 4
-1 14713 44
-1 3981 107
-1 16837 118
-1 3801 15
-1 38050 17
-1 16569 128
-1 22540 5
-1 9665 41
-1 36062 28
-1 10472 52
-1 40245 14
-1 14371 5
-1 20985 32
-1 37800 382
-1 9040 74
-1 25294 42
-1 14534 43
-1 18645 17
-1 30504 54
-1 18058 2
-1 19664 2
-1 26932 117
-1 264 49
-1 36815 14
-1 8741 28
-1 36870 19
-1 1953 58
-1 42596 507
-1 22531 53
-1 8134 25
-1 4142 85
-1 42419 457
-1 33587 207
-1 14890 98
-1 42893 19
-1 34929 109
-1 5284 113
-1 23656 246
-1 28006 46
-1 36130 609
-1 11537 97
-1 1188 214
-1 15774 336
-1 25656 45
-1 12967 202
-1 8780 63
-1 5450 50
-1 34603 396
-1 36569 145
-1 22192 100
-1 39314 3
-1 18123 92
-1 7486 70
-1 42184 65
-1 11546 12
-1 24783 13
-1 22483 5
-1 3285 3
-1 35832 200
-1 9625 198
-1 22695 21
-1 20654 383
-1 11067 234
-1 31789 62
-1 990 41
-1 8388 59
-1 7999 15
-1 21978 51
-1 5696 13
-1 30383 97
-1 4855 392
-1 5978 3
-1 10153 85
-1 35335 105
-1 22646 420
-1 14675 100
-1 3784 360
-1 26266 252
-1 37721 174
-1 32105 364
-1 31919 23
-1 24863 49
-1 9642 236
-1 35287 34
-1 40295 18
-1 39939 104
-1 29022 235
-1 17169 73
-1 32847 77
-1 27983 67
-1 38159 4
-1 1363 108
-1 39327 10
-1 18017 36
-1 6863 62
-1 42404 183
-1 35678 82
-1 721 213
-1 22604 352
-1 5212 209
-1 24895 275
-1 12798 36
-1 41945 161
-1 17098 92
-1 25152 2
-1 23446 129
-1 37773 360
-1 4214 46
-1 10352 18
-1 37974 15
-1 34675 103
-1 12420 119
-1 34400 413
-1 39543 134
-1 24774 28
-1 39770 50
-1 1861 18
-1 39586 246
-1 29589 224
-1 31369 49
-1 35349 154
-1 36768 122
-1 17195 68
-1 22331 131
-1 23723 227
-1 4401 30
-1 24024 117
-1 34992 192
-1 37017 243
-1 22476 73
-1 23463 64
-1 30253 76
-1 8489 388
-1 37090 16
-1 37357 76
-1 5371 96
-1 17520 122
-1 25797 48
-1 24047 412
-1 5448 97
-1 15211 25
-1 8642 1
-1 6610 6
-1 17394 32
-1 41668 772
-1 6433 48
-1 35927 15
-1 31429 457
-1 23357 208
-1 16176 53
-1 42904 49
-1 14315 160
-1 42749 323
-1 37041 78
-1 37042 83
-1 35001 99
-1 36548 202
-1 39847 33
-1 37193 37
-1 4935 127
-1 34553 81
-1 25838 31
-1 15587 13
-1 14753 17
-1 29260 18
-1 32179 18
-1 25390 234
-1 30414 141
-1 29924 60
-1 19457 83
-1 29493 179
-1 20565 141
-1 13880 57
-1 23845 524
-1 14742 13
-1 6170 86
-1 33987 153
-1 35122 236
-1 21528 99
-1 42209 601
-1 4282 181
-1 14763 1
-1 29577 168
-1 37164 33
-1 24087 307
-1 31361 214
-1 31350 386
-1 22114 109
-1 39295 39
-1 11209 44
-1 37790 50
-1 8052 1
-1 682 54
-1 28449 85
-1 27192 79
-1 41842 492
-1 37972 34
-1 4906 5
-1 33100 92
-1 1953 58
-1 39269 82
-1 2705 24
-1 4767 27
-1 39285 26
-1 2073 11
-1 38925 82
-1 21910 8
-1 30799 133
-1 21880 29
-1 10591 13
-1 37509 12
-1 33181 405
-1 37418 387
-1 38995 212
-1 34528 34
-1 8424 130
-1 36040 33
-1 8576 148
-1 13118 160
-1 21962 79
-1 30332 90
-1 38761 53
-1 10200 141
-1 14920 113
-1 33819 420
-1 35480 17
-1 40044 205
-1 33484 207
-1 12502 106
-1 23372 21
-1 592 59
-1 42750 314
-1 11344 51
-1 42735 227
-1 23884 23
-1 22920 227
-1 20411 63
-1 32372 153
-1 21973 37
-1 4955 303
-1 33393 61
-1 23785 181
-1 6766 89
-1 42837 71
-1 12697 357
-1 27580 259
-1 10121 326
-1 23415 339
-1 37285 215
-1 28876 14
-1 5076 51
-1 15179 97
-1 5317 288
-1 31664 356
-1 22560 1
-1 5309 48
-1 10779 80
-1 25194 140
-1 21406 59
-1 26192 24
-1 34321 319
-1 38927 4
-1 16950 149
-1 5243 42
-1 19467 179
-1 5490 182
-1 30705 125
-1 23438 104
-1 40123 264
-1 25577 15
-1 23414 291
-1 31041 39
-1 27021 419
-1 11374 106
-1 30720 184
-1 8850 2
-1 16276 156
-1 42615 626
-1 26284 22
-1 29669 180
-1 35359 351
-1 33237 224
-1 14554 109
-1 20307 314
-1 18585 83
-1 38740 54
-1 34444 308
-1 15449 14
-1 34814 400
-1 12795 188
-1 36936 165
-1 34114 180
-1 23399 644
-1 35137 50
-1 24488 238
-1 27781 25
-1 40652 56
-1 14170 188
-1 33694 188
-1 42173 339
-1 35194 129
-1 12355 221
-1 41655 33
-1 30605 238
-1 5490 182
-1 17315 186
-1 34685 12
-1 23974 335
-1 37019 273
-1 18618 130
-1 41115 177
-1 25946 95
-1 42366 129
-1 41408 28
-1 34597 47
-1 26705 141
-1 6068 82
-1 39116 273
-1 28652 110
-1 13334 166
-1 17873 9
-1 33273 6
-1 33748 35
-1 24168 118
-1 20382 37
-1 36377 49
-1 10041 7
-1 34650 106
-1 23279 735
-1 17392 71
-1 992 27
-1 35355 279
-1 42654 276
-1 23461 367
-1 36749 26
-1 16270 18
-1 32555 31
-1 34664 222
-1 14174 174
-1 40921 412
-1 19305 25
-1 19603 162
-1 23438 197
-1 24490 100
-1 21717 226
-1 29792 536
-1 23064 360
-1 41050 111
-1 23589 443
-1 35611 460
-1 8383 13
-1 8517 25
-1 25655 27
-1 30942 221
-1 32857 637
-1 20845 244
-1 37917 83
-1 41254 242
-1 17456 4
-1 9339 123
-1 23414 353
-1 27831 142
-1 41830 630
-1 33423 156
-1 23770 698
-1 39543 269
-1 24392 440
-1 35403 551
-1 35720 10
-1 21720 9
-1 39350 2
-1 12600 128
-1 21305 5
-1 14155 42
-1 21197 153
-1 23123 225
-1 26468 4
-1 34919 73
-1 17501 33
-1 39443 1
-1 23598 137
-1 23103 290
-1 26843 307
-1 25204 14
-1 32316 11
-1 38162 48
-1 8094 226
-1 40396 35
-1 36443 97
-1 26720 175
-1 2739 6
-1 8774 61
-1 20908 141
-1 21028 35
-1 26293 130
-1 23320 456
-1 34799 443
-1 27514 72
-1 21555 527
-1 37853 34
-1 34588 370
-1 19398 45
-1 42038 115
-1 32837 29
-1 5592 3
-1 41636 43
-1 28362 120
-1 22494 81
-1 32915 48
-1 26485 99
-1 37739 564
-1 27800 370
-1 5609 282
-1 27464 176
-1 12752 46
-1 37763 47
-1 23789 133
-1 19076 18
-1 34392 203
-1 38739 35
-1 32363 444
-1 15443 93
-1 38967 128
-1 37253 301
-1 20874 413
-1 596 110
-1 41620 1004
-1 18684 34
-1 5050 5
-1 28769 87
-1 33085 447
-1 42648 219
-1 34826 29
-1 36256 121
-1 23600 80
-1 3340 8
-1 37452 103
-1 20306 97
-1 24238 85
-1 24488 149
-1 23792 90
-1 12866 45
-1 38901 56
-1 23376 191
-1 40983 94
-1 41948 80
-1 28195 52
-1 25678 20
-1 19791 4
-1 29451 104
-1 24557 111
-1 40971 61
-1 23556 427
-1 27482 47
-1 34531 106
-1 23232 144
-1 34531 106
-1 35934 50
-1 23605 91
-1 23231 261
-1 23790 183
-1 24375 350
-1 24000 27
-1 23600 62
-1 23600 62
-1 31864 86
-1 23223 315
-1 26312 183
-1 36958 279
-1 23600 145
-1 25566 232
-1 29657 122
-1 10290 8
-1 21923 316
-1 23614 424
-1 23799 463
-1 24000 27
-1 39200 72
-1 42509 136
-1 10827 119
-1 12715 156
-1 42474 296
-1 41898 163
-1 41898 175
-1 26615 98
-1 1679 97
-1 24322 363
-1 13481 62
-1 24245 132
-1 29055 232
-1 29332 266
-1 23732 61
-1 37701 242
-1 38723 331
-1 40922 466
-1 40171 569
-1 27461 176
-1 13464 451
-1 32706 29
-1 19878 87
-1 20001 77
-1 30959 36
-1 42687 174
-1 12399 164
-1 20837 178
-1 41544 957
-1 21324 36
-1 42595 377
-1 37261 228
-1 18252 150
-1 39246 126
-1 37941 455
-1 40353 26
-1 41901 453
-1 37339 56
-1 28545 259
-1 22509 142
-1 26264 334
-1 40355 222
-1 40355 210
-1 36925 104
-1 1861 174
-1 1861 221
-1 41962 550
-1 41997 493
-1 16381 184
-1 34665 256
-1 42707 18
-1 42707 418
-1 42705 281
-1 42705 158
-1 13463 216
-1 23155 721
-1 9801 121
-1 33592 258
-1 34800 14
-1 13295 375
-1 41592 384
-1 38270 57
-1 37918 182
-1 36692 331
-1 12319 558
-1 18460 414
-1 35816 450
-1 7990 284
-1 10620 40
-1 30553 207
-1 22054 333
-1 39571 118
-1 22437 432
-1 20421 142
-1 25945 58
-1 27959 188
-1 42501 184
-1 31428 665
-1 27047 77
-1 37943 74
-1 31558 86
-1 42316 686
-1 23815 66
-1 37712 115
-1 17912 65
-1 20119 252
-1 34804 661
-1 7883 144
-1 10763 12
-1 10291 29
-1 36789 257
-1 16104 45
-1 23524 144
-1 31940 56
-1 24332 217
-1 34548 86
-1 36170 297
-1 37732 163
-1 33374 369
-1 15854 34
-1 23975 289
-1 27635 194
-1 41285 163
-1 16056 271
-1 33376 428
-1 31680 223
-1 16055 444
-1 31594 278
-1 28842 21
-1 26479 256
-1 42744 50
-1 24545 33
-1 22204 354
-1 41695 258
-1 31256 110
-1 31256 79
-1 31256 167
-1 31256 165
-1 31256 362
-1 31256 392
-1 23798 95
-1 23798 104
-1 23798 166
-1 35533 74
-1 35533 220
-1 35533 94
-1 39156 29
-1 39156 92
-1 39156 139
-1 32462 96
-1 32462 283
-1 32462 232
-1 32462 287
-1 18536 277
-1 18536 72
-1 18536 259
-1 36673 37
-1 36673 36
-1 36673 377
-1 36673 39
-1 39156 270
-1 39156 194
-1 39156 234
-1 39156 29
-1 39156 239
-1 35533 169
-1 35533 74
-1 35533 88
-1 35533 222
-1 35533 163
-1 40211 157
-1 9908 323
-1 28296 221
-1 12317 74
-1 23798 104
-1 36144 520
-1 31256 392
-1 598 271
-1 12864 82
-1 41550 345
-1 42363 255
-1 27635 193
-1 6217 170
-1 8624 6
-1 42138 155
-1 31821 133
-1 23798 202
-1 24183 75
-1 19467 31
-1 23600 2
-1 23607 114
-1 23600 89
-1 23599 94
-1 24168 358
-1 23797 240
-1 826 180
-1 33001 187
-1 42558 3
-1 35533 163
-1 31904 16
-1 42839 470
-1 40573 180
-1 31239 347
-1 32462 202
-1 18536 258
-1 29177 218
-1 36673 369
-1 39156 195
-1 33203 271
-1 33203 308
-1 33203 278
-1 33203 637
-1 42465 201
-1 42465 140
-1 42465 509
-1 42465 239
-1 42465 94
-1 42465 151
-1 42465 229
-1 42465 418
-1 42465 437
-1 42465 228
-1 42465 253
-1 42465 284
-1 42465 492
-1 42465 284
-1 42465 352
-1 42465 37
-1 42465 37
-1 42465 166
-1 42465 205
-1 42074 78
-1 42074 174
-1 42074 174
-1 42074 96
-1 42074 205
-1 42074 308
-1 42074 94
-1 42074 107
-1 42074 277
-1 42074 78
-1 42074 277
-1 42074 205
-1 42074 318
-1 42074 1
-1 42074 70
-1 42074 194
-1 42074 258
-1 42074 93
-1 42074 296
-1 42074 1
-1 42266 233
-1 42266 258
-1 42266 381
-1 42266 354
-1 42266 138
-1 42266 443
-1 42266 443
-1 42266 118
-1 42266 186
-1 42266 285
-1 42266 118
-1 42266 443
-1 42266 132
-1 42266 186
-1 42266 132
-1 42266 118
-1 42266 288
-1 42266 272
-1 42266 354
-1 42266 132
-1 42298 214
-1 42298 19
-1 42298 365
-1 42298 270
-1 42298 319
-1 42298 19
-1 42298 30
-1 42298 178
-1 42298 172
-1 42298 283
-1 42298 150
-1 42298 129
-1 42298 373
-1 42298 373
-1 42298 373
-1 42298 30
-1 42298 319
-1 42298 391
-1 42298 200
-1 42298 14
-1 42474 101
-1 42474 229
-1 42474 62
-1 42474 264
-1 42474 236
-1 42474 234
-1 42474 166
-1 42474 212
-1 42474 72
-1 42474 224
-1 42474 280
-1 42474 329
-1 42474 96
-1 42474 220
-1 42474 157
-1 42474 101
-1 42474 220
-1 42474 312
-1 42474 264
-1 41962 516
-1 41899 339
-1 41899 280
-1 41899 526
-1 41899 206
-1 41899 175
-1 41899 491
-1 41899 192
-1 41899 507
-1 41899 491
-1 41899 2
-1 41899 214
-1 41899 28
-1 41899 526
-1 41899 342
-1 41899 149
-1 41899 371
-1 41899 214
-1 41899 255
-1 41899 304
-1 41899 374
-1 41898 307
-1 41898 326
-1 41898 391
-1 41898 88
-1 41898 236
-1 41898 333
-1 41898 320
-1 41898 218
-1 41898 326
-1 41898 320
-1 41898 178
-1 41898 252
-1 41898 252
-1 41898 171
-1 41898 236
-1 41898 401
-1 36683 333
-1 37384 54
-1 32708 17
-1 34234 279
-1 13958 161
-1 42818 310
-1 6648 1
-1 15956 339
-1 2424 321
-1 33593 13
-1 22538 9
-1 37780 96
-1 716 267
-1 26893 127
-1 32994 486
-1 18080 80
-1 40260 392
-1 32580 95
-1 42350 98
-1 42476 399
-1 35182 203
-1 22345 102
-1 22345 219
-1 22345 123
-1 22345 2
-1 22345 197
-1 22345 36
-1 22345 197
-1 22345 149
-1 22345 42
-1 22345 144
-1 22345 72
-1 22345 172
-1 22345 23
-1 22345 32
-1 22345 44
-1 22345 230
-1 22345 6
-1 22345 162
-1 22345 14
-1 40355 272
-1 40355 419
-1 40355 444
-1 40355 548
-1 40355 445
-1 40355 339
-1 40355 219
-1 40355 450
-1 40355 278
-1 40355 493
-1 7121 365
-1 7121 90
-1 7121 35
-1 7121 55
-1 7121 53
-1 7121 190
-1 7121 273
-1 7121 111
-1 7121 481
-1 7121 274
-1 7121 55
-1 7121 40
-1 7121 341
-1 7121 422
-1 7121 273
-1 7121 448
-1 7121 344
-1 7121 263
-1 36925 6
-1 36925 29
-1 36925 53
-1 36925 82
-1 36925 73
-1 36925 18
-1 36925 37
-1 36925 52
-1 36925 6
-1 36925 36
-1 36925 94
-1 36925 82
-1 36925 92
-1 36925 21
-1 36925 54
-1 36925 65
-1 36925 50
-1 36925 139
-1 8369 278
-1 8369 221
-1 8369 15
-1 8369 127
-1 8369 70
-1 8369 164
-1 8369 236
-1 8369 122
-1 8369 58
-1 8369 54
-1 8369 309
-1 8369 87
-1 8369 111
-1 8369 158
-1 8369 93
-1 8369 7
-1 8369 323
-1 8369 172
-1 8369 158
-1 1861 45
-1 1861 49
-1 1861 35
-1 1861 44
-1 1861 105
-1 1861 178
-1 1861 41
-1 1861 2
-1 1861 69
-1 1861 64
-1 1861 168
-1 1861 75
-1 1861 82
-1 1861 158
-1 1861 191
-1 1861 24
-1 1861 172
-1 41962 95
-1 41962 82
-1 41962 266
-1 41962 193
-1 41962 451
-1 41962 193
-1 41962 213
-1 41962 184
-1 41962 332
-1 41962 48
-1 41962 273
-1 41962 22
-1 41962 82
-1 41962 233
-1 41962 442
-1 41997 423
-1 41997 510
-1 41997 531
-1 41997 8
-1 41997 423
-1 41997 155
-1 41997 366
-1 41997 489
-1 41997 469
-1 41997 43
-1 41997 473
-1 41997 225
-1 41997 365
-1 41997 251
-1 41997 10
-1 41997 308
-1 41997 155
-1 41997 226
-1 41997 366
-1 16381 17
-1 16381 326
-1 16381 302
-1 16381 99
-1 16381 61
-1 16381 251
-1 16381 99
-1 16381 52
-1 16381 198
-1 16381 52
-1 16381 245
-1 16381 88
-1 16381 179
-1 16381 132
-1 16381 308
-1 16381 308
-1 16381 251
-1 16381 331
-1 29875 196
-1 29875 185
-1 29875 347
-1 29875 376
-1 29875 203
-1 29875 194
-1 29875 132
-1 29875 66
-1 29875 218
-1 29875 347
-1 29875 285
-1 29875 40
-1 29875 132
-1 29875 352
-1 29875 12
-1 29875 123
-1 29875 22
-1 29875 285
-1 34665 374
-1 34665 7
-1 34665 15
-1 34665 166
-1 34665 121
-1 34665 239
-1 34665 71
-1 34665 240
-1 34665 116
-1 34665 29
-1 34665 269
-1 34665 239
-1 34665 177
-1 34665 154
-1 34665 139
-1 34665 9
-1 34665 240
-1 42707 274
-1 42707 100
-1 42707 104
-1 42707 104
-1 42707 206
-1 42707 364
-1 42707 206
-1 42707 53
-1 42707 294
-1 42707 424
-1 42707 364
-1 42707 424
-1 42707 89
-1 42705 278
-1 42705 216
-1 42705 97
-1 42705 47
-1 42705 210
-1 42705 27
-1 42705 325
-1 42705 60
-1 42705 307
-1 42705 325
-1 42705 1
-1 42705 92
-1 42705 182
-1 42705 325
-1 42705 35
-1 42705 182
-1 13006 15
-1 13006 128
-1 13006 175
-1 13006 181
-1 13006 245
-1 13006 207
-1 13006 200
-1 13006 222
-1 13006 125
-1 13006 220
-1 13006 248
-1 13006 124
-1 13006 208
-1 13006 69
-1 13006 92
-1 13006 234
-1 13006 220
-1 13006 4
-1 13006 181
-1 13006 155
-1 34510 294
-1 34510 38
-1 34510 319
-1 34510 321
-1 34510 351
-1 34510 246
-1 34510 293
-1 34510 102
-1 34510 246
-1 34510 135
-1 34510 364
-1 34510 135
-1 34510 284
-1 34510 345
-1 34510 32
-1 34510 285
-1 34510 160
-1 34510 38
-1 34510 307
-1 34510 135
-1 34509 73
-1 34509 191
-1 34509 248
-1 34509 154
-1 34509 147
-1 34509 153
-1 34509 170
-1 34509 175
-1 34509 153
-1 34509 41
-1 34509 175
-1 34509 41
-1 34509 63
-1 34509 164
-1 34509 153
-1 34509 44
-1 34509 143
-1 34509 88
-1 34509 194
-1 13463 139
-1 13463 396
-1 13463 340
-1 13463 92
-1 13463 142
-1 13463 49
-1 13463 205
-1 13463 178
-1 13463 380
-1 13463 428
-1 13463 91
-1 13463 334
-1 13463 242
-1 13463 158
-1 13463 256
-1 13463 371
-1 13463 188
-1 13463 93
-1 13463 366
-1 13462 178
-1 13462 280
-1 13462 339
-1 13462 280
-1 13462 24
-1 13462 98
-1 13462 425
-1 13462 218
-1 13462 273
-1 13462 40
-1 13462 471
-1 13462 262
-1 13462 50
-1 13462 425
-1 13462 29
-1 13462 284
-1 13462 413
-1 13462 445
-1 13462 211
-1 13462 94
-1 13461 248
-1 13461 375
-1 13461 207
-1 13461 128
-1 13461 555
-1 13461 125
-1 13461 176
-1 13461 430
-1 13461 189
-1 13461 147
-1 13461 257
-1 13461 66
-1 13461 174
-1 13461 66
-1 13461 174
-1 13461 56
-1 13461 403
-1 13461 244
-1 13461 173
-1 13461 34
-1 9706 186
-1 9706 147
-1 9706 39
-1 9706 169
-1 9706 145
-1 9706 72
-1 9706 48
-1 9706 110
-1 9706 27
-1 9706 31
-1 9706 143
-1 9706 78
-1 9706 64
-1 9706 123
-1 9706 9
-1 9706 98
-1 9706 117
-1 9706 95
-1 9706 39
-1 9706 43
-1 9705 109
-1 9705 135
-1 9705 134
-1 9705 108
-1 9705 120
-1 9705 30
-1 9705 130
-1 9705 33
-1 9705 102
-1 9705 148
-1 9705 121
-1 9705 47
-1 9705 102
-1 9705 15
-1 9705 116
-1 9705 119
-1 9705 61
-1 9705 64
-1 9705 25
-1 12049 59
-1 12049 10
-1 12049 17
-1 12049 50
-1 12049 60
-1 12049 10
-1 12049 43
-1 12049 22
-1 12049 21
-1 12049 57
-1 12049 39
-1 12049 57
-1 12049 60
-1 12049 5
-1 12049 39
-1 12049 21
-1 12049 64
-1 12049 27
-1 12049 51
-1 12049 59
-1 2449 12
-1 2449 15
-1 2449 6
-1 2449 14
-1 2449 25
-1 2449 17
-1 2449 21
-1 2449 22
-1 1857 11
-1 1857 12
-1 1857 13
-1 1857 3
-1 1857 6
-1 1857 9
-1 37994 57
-1 37994 130
-1 37994 123
-1 37994 21
-1 37994 55
-1 37994 31
-1 37994 31
-1 37994 27
-1 37994 131
-1 37994 55
-1 37994 120
-1 37994 111
-1 37994 37
-1 37994 111
-1 37994 130
-1 37994 73
-1 37994 7
-1 37994 130
-1 37994 110
-1 37994 123
-1 37993 25
-1 37993 98
-1 37993 88
-1 37993 57
-1 37993 77
-1 37993 37
-1 37993 93
-1 37993 75
-1 37993 25
-1 37993 66
-1 37993 39
-1 37993 17
-1 37993 38
-1 37993 102
-1 37993 9
-1 37993 89
-1 37993 44
-1 37993 4
-1 37993 70
-1 37993 87
-1 37996 182
-1 37996 94
-1 37996 50
-1 37996 52
-1 37996 77
-1 37996 86
-1 37996 25
-1 37996 134
-1 37996 21
-1 37996 69
-1 37996 131
-1 37996 198
-1 37996 25
-1 37996 50
-1 37996 154
-1 37996 11
-1 37996 99
-1 37996 16
-1 37996 99
-1 37996 131
-1 37995 91
-1 37995 52
-1 37995 36
-1 37995 23
-1 37995 81
-1 37995 61
-1 37995 98
-1 37995 57
-1 37995 64
-1 37995 83
-1 37995 14
-1 37995 81
-1 37995 34
-1 37995 22
-1 37995 88
-1 37995 17
-1 37995 7
-1 37995 30
-1 37995 99
-1 37995 40
-1 17325 81
-1 34430 491
-1 34990 540
-1 29160 106
-1 23379 217
-1 42229 62
-1 34831 647
-1 7729 14
-1 42310 431
-1 41631 254
-1 42783 28
-1 3686 3
-1 8370 269
-1 20302 267
-1 36807 122
-1 19885 20
-1 17393 76
-1 19574 11
-1 31457 172
-1 37461 136
-1 41897 126
-1 2773 9
-1 12529 25
-1 39123 169
-1 7916 252
-1 41434 114
-1 28332 538
-1 35306 19
-1 31708 502
-1 19774 71
-1 42046 430
-1 26775 116
-1 33236 497
-1 14803 213
-1 41718 319
-1 40814 99
-1 15748 157
-1 33804 512
-1 39235 320
-1 17229 23
-1 41718 129
-1 36994 96
-1 29592 561
-1 29387 75
-1 35403 662
-1 31474 45
-1 2152 16
-1 19402 211
-1 42596 314
-1 11057 225
-1 27241 51
-1 33168 636
-1 36128 53
-1 17960 126
-1 26357 73
-1 2815 78
-1 39085 355
-1 28273 209
-1 32420 36
-1 32598 385
-1 21301 6
-1 42305 621
-1 3407 61
-1 29503 70
-1 4814 23
-1 42428 57
-1 42018 10
-1 42312 393
-1 41900 333
-1 32291 202
-1 41959 704
-1 33992 281
-1 30416 175
-1 2125 10
-1 11607 8
-1 8180 109
-1 41429 165
-1 23532 200
-1 22663 55
-1 36801 81
-1 21060 179
-1 32994 748
-1 1431 2
-1 2736 27
-1 39141 5
-1 35973 6
-1 21073 160
-1 33580 236
-1 34628 326
-1 42659 300
-1 2233 3
-1 12538 218
-1 42307 134
-1 39312 73
-1 9311 170
-1 27908 345
-1 42483 44
-1 34604 26
-1 39989 44
-1 28430 48
-1 13895 258
-1 42529 31
-1 4574 24
-1 38736 406
-1 8758 201
-1 42187 202
-1 14225 521
-1 33732 28
-1 13284 292
-1 12682 65
-1 33128 272
-1 23754 329
-1 11674 17
-1 11721 199
-1 37299 251
-1 723 169
-1 12561 82
-1 24467 107
-1 28494 62
-1 38104 92
-1 14999 102
-1 24376 135
-1 15987 9
-1 24552 253
-1 24550 313
-1 23222 25
-1 20792 153
-1 26699 124
-1 26902 114
-1 23414 9
-1 23598 121
-1 33579 257
-1 24375 105
-1 24367 130
-1 23615 55
-1 24560 14
-1 23223 84
-1 23223 570
-1 21588 1
-1 24557 29
-1 23841 18
-1 17768 114
-1 28675 59
-1 23591 511
-1 23590 178
-1 24190 167
-1 24368 184
-1 24551 138
-1 24549 131
-1 23799 305
-1 15657 150
-1 23791 253
-1 26699 165
-1 23231 377
-1 23416 344
-1 23589 12
-1 23222 98
-1 23799 326
-1 23974 668
-1 26515 65
-1 23992 93
-1 23415 519
-1 23981 157
-1 23990 73
-1 24175 482
-1 23599 291
-1 24189 34
-1 36310 65
-1 23792 373
-1 23791 193
-1 23781 261
-1 24991 16
-1 23982 306
-1 23414 382
-1 32912 7
-1 28538 82
-1 24173 40
-1 24167 267
-1 24182 145
-1 24176 336
-1 24241 32
-1 11574 89
-1 24182 149
-1 23974 104
-1 23975 17
-1 23982 215
-1 23982 541
-1 18586 7
-1 23997 55
-1 23990 63
-1 33009 338
-1 24184 80
-1 2337 39
-1 37163 46
-1 24374 258
-1 26209 1
-1 23231 138
-1 23675 84
-1 30525 39
-1 39159 57
-1 41599 81
-1 2416 104
-1 34831 66
-1 32962 30
-1 41643 53
-1 33687 54
-1 30434 41
-1 40235 163
-1 35920 118
-1 41620 859
-1 42203 583
-1 33403 160
-1 38708 327
-1 28331 160
-1 12340 258
-1 31564 115
-1 34752 219
-1 37161 40
-1 27890 60
-1 32804 163
-1 33310 157
-1 12795 133
-1 11660 51
-1 24861 33
-1 23944 54
-1 26610 44
-1 4280 22
-1 17259 192
-1 27903 200
-1 9810 68
-1 26897 64
-1 33045 116
-1 846 32
-1 13453 28
-1 37279 226
-1 41755 303
-1 36992 246
-1 33748 300
-1 32062 18
-1 33428 206
-1 33397 349
-1 6883 90
-1 36703 266
-1 33057 41
-1 39107 542
-1 24137 194
-1 1830 27
-1 27057 81
-1 37376 32
-1 30188 42
-1 20478 216
-1 23246 243
-1 42117 693
-1 18945 89
-1 27117 101
-1 36009 245
-1 41709 672
-1 42742 161
-1 4490 36
-1 28692 85
-1 30584 191
-1 40874 144
-1 23559 52
-1 32523 244
-1 36999 310
-1 41523 247
-1 41567 393
-1 32379 42
-1 32996 420
-1 3169 89
-1 9865 161
-1 34958 46
-1 23989 5
-1 29451 209
-1 40633 18
-1 24367 429
-1 23415 403
-1 38740 67
-1 23992 187
-1 23981 225
-1 14563 6
-1 13456 56
-1 3169 77
-1 33001 74
-1 23797 172
-1 17688 97
-1 23974 521
-1 33009 257
-1 24374 38
-1 33295 21
-1 36958 213
-1 29404 87
-1 23592 438
-1 23791 144
-1 23606 124
-1 17693 45
-1 23592 164
-1 23981 225
-1 23414 106
-1 19465 27
-1 24551 196
-1 39644 80
-1 35595 81
-1 24382 85
-1 3169 161
-1 23415 403
-1 17768 46
-1 23608 355
-1 23798 361
-1 24167 481
-1 23800 473
-1 33394 138
-1 23983 329
-1 24375 224
-1 20789 57
-1 36021 85
-1 37952 519
-1 24063 317
-1 42598 299
-1 25565 29
-1 4510 50
-1 4926 77
-1 12883 279
-1 23261 338
-1 33160 532
-1 33762 37
-1 34423 233
-1 7688 62
-1 8379 246
-1 7755 14
-1 33406 557
-1 26543 100
-1 42393 207
-1 39155 330
-1 42031 171
-1 32206 63
-1 9604 54
-1 19158 150
-1 17630 11
-1 41927 729
-1 30995 784
-1 24884 688
-1 20232 90
-1 23395 375
-1 39387 233
-1 23283 300
-1 38647 198
-1 23601 336
-1 23516 240
-1 32956 159
-1 41009 4
-1 36985 119
-1 35787 146
-1 34139 213
-1 17926 115
-1 31143 223
-1 18648 14
-1 32805 114
-1 23840 377
-1 18851 225
-1 33512 89
-1 35239 36
-1 39154 350
-1 23356 285
-1 41735 232
-1 37872 5
-1 8765 71
-1 40845 28
-1 5324 66
-1 6426 37
-1 34366 140
-1 36372 436
-1 8291 177
-1 31569 63
-1 13511 79
-1 39570 218
-1 24499 252
-1 23946 250
-1 39005 138
-1 29927 279
-1 40827 241
-1 38579 287
-1 41969 538
-1 20939 218
-1 119 29
-1 2790 41
-1 17729 269
-1 39382 405
-1 42304 20
-1 33760 73
-1 12490 175
-1 5259 161
-1 11569 68
-1 41829 587
-1 34330 241
-1 27417 71
-1 42723 15
-1 24437 2
-1 32758 232
-1 37524 99
-1 40217 82
-1 34071 751
-1 36262 177
-1 39570 359
-1 13260 345
-1 23632 513
-1 41586 391
-1 21607 196
-1 5782 93
-1 38033 566
-1 41843 534
-1 36590 413
-1 22204 379
-1 34772 557
-1 19435 62
-1 40086 92
-1 32078 449
-1 35827 132
-1 41749 366
-1 31396 52
-1 35628 60
-1 23055 345
-1 42568 555
-1 600 139
-1 31026 65
-1 11402 54
-1 24643 34
-1 37610 151
-1 33752 276
-1 19463 182
-1 8980 159
-1 9456 25
-1 36370 292
-1 35030 116
-1 34839 387
-1 10199 176
-1 42768 92
-1 41587 437
-1 24246 237
-1 33174 767
-1 37171 141
-1 888 293
-1 20486 262
-1 10292 241
-1 34382 380
-1 12017 174
-1 11335 32
-1 30904 43
-1 36117 483
-1 12371 72
-1 40378 312
-1 29041 421
-1 39191 141
-1 17549 334
-1 20876 162
-1 37698 413
-1 5229 113
-1 17896 200
-1 32710 73
-1 30091 450
-1 24485 120
-1 40279 320
-1 31340 45
-1 34233 212
-1 33704 48
-1 23707 249
-1 20083 416
-1 17196 218
-1 36895 485
-1 1856 210
-1 6579 88
-1 18495 357
-1 38681 80
-1 30116 260
-1 34772 166
-1 37404 300
-1 34914 201
-1 15776 570
-1 35030 116
-1 41340 228
-1 23278 185
-1 36149 135
-1 24557 181
-1 31560 178
-1 34685 417
-1 29730 279
-1 23332 345
-1 12533 370
-1 34279 107
-1 8289 177
-1 39248 92
-1 34514 350
-1 36986 87
-1 39598 212
-1 26275 86
-1 13119 128
-1 12883 191
-1 4106 73
-1 38403 3
-1 27959 688
-1 23348 862
-1 24021 312
-1 25288 135
-1 20446 17
-1 33341 535
-1 35227 271
-1 12695 83
-1 37904 301
-1 22263 145
-1 42878 97
-1 42859 82
-1 5037 381
-1 33929 119
-1 32621 6
-1 34616 76
-1 33158 488
-1 13054 106
-1 32685 71
-1 13204 217
-1 34960 77
-1 19371 149
-1 17504 35
-1 23793 82
-1 28777 270
-1 34003 473
-1 36371 343
-1 39206 383
-1 30560 45
-1 23240 229
-1 42367 203
-1 39104 230
-1 33350 389
-1 42440 141
-1 6152 60
-1 35407 318
-1 30625 62
-1 41210 11
-1 39143 328
-1 26339 161
-1 42163 543
-1 6277 86
-1 42632 416
-1 35779 800
-1 40263 214
-1 29715 626
-1 41808 642
-1 21751 373
-1 17533 134
-1 35007 232
-1 42154 220
-1 15312 65
-1 22913 42
-1 36004 16
-1 40630 209
-1 15184 20
-1 18066 209
-1 13771 6
-1 28851 8
-1 41688 4
-1 31800 154
-1 27772 116
-1 30952 118
-1 23587 855
-1 42069 281
-1 42488 326
-1 22336 249
-1 3781 70
-1 19166 105
-1 33695 103
-1 23393 455
-1 30028 71
-1 32446 221
-1 10948 140
-1 23399 637
-1 24464 259
-1 25993 47
-1 42415 223
-1 33277 121
-1 4614 9
-1 32247 118
-1 41522 192
-1 20483 481
-1 3915 288
-1 35919 5
-1 21009 128
-1 28404 48
-1 22059 262
-1 41604 555
-1 37748 161
-1 33988 180
-1 33158 205
-1 37583 151
-1 21916 49
-1 23462 581
-1 5894 4
-1 35006 420
-1 141 57
-1 27797 93
-1 31634 339
-1 30960 166
-1 14590 102
-1 41584 260
-1 23795 150
-1 17370 78
-1 14985 162
-1 12312 234
-1 24166 361
-1 17408 672
-1 35968 94
-1 5796 157
-1 32448 123
-1 26897 111
-1 19204 51
-1 42375 605
-1 13496 18
-1 2805 146
-1 22446 459
-1 23380 249
-1 42917 372
-1 19818 39
-1 35053 327
-1 22838 237
-1 37173 431
-1 40398 57
-1 41605 125
-1 37296 264
-1 13052 119
-1 23347 754
-1 100 5
-1 24462 9
-1 41583 536
-1 11946 5
-1 6845 12
-1 32574 322
-1 42004 272
-1 19571 207
-1 23888 193
-1 36719 326
-1 1386 107
-1 17511 39
-1 12761 114
-1 27542 79
-1 14759 260
-1 41784 862
-1 37783 375
-1 12679 103
-1 14664 219
-1 41791 452
-1 29259 39
-1 24454 32
-1 20966 153
-1 6536 21
-1 19252 26
-1 12598 185
-1 10012 292
-1 6068 110
-1 38520 555
-1 36722 297
-1 21752 19
-1 30098 226
-1 9280 56
-1 38145 173
-1 39629 64
-1 34253 195
-1 18794 198
-1 35946 331
-1 23347 754
-1 18997 32
-1 35104 198
-1 2046 237
-1 32921 79
-1 37646 234
-1 33118 291
-1 32835 174
-1 39312 194
-1 23961 152
-1 26449 332
-1 37269 386
-1 13291 232
-1 17707 81
-1 32443 313
-1 42529 199
-1 42157 726
-1 33623 73
-1 37709 277
-1 37194 34
-1 481 16
-1 9431 374
-1 42020 492
-1 12697 177
-1 42548 137
-1 42396 313
-1 37112 402
-1 19464 80
-1 40395 396
-1 34514 489
-1 23493 52
-1 42769 123
-1 39394 105
-1 32431 539
-1 34476 311
-1 30323 155
-1 23208 548
-1 13517 157
-1 18060 126
-1 33541 177
-1 20479 270
-1 11947 211
-1 27960 325
-1 39223 311
-1 31144 172
-1 32365 8
-1 35020 676
-1 33451 476
-1 31429 295
-1 41644 648
-1 32691 158
-1 25252 1
-1 42397 485
-1 16728 121
-1 31160 183
-1 34942 70
-1 42339 407
-1 42715 125
-1 37878 213
-1 42159 568
-1 42970 145
-1 16399 319
-1 33063 123
-1 23494 383
-1 33999 48
-1 17566 195
-1 34126 51
-1 27285 69
-1 9454 58
-1 34687 71
-1 17731 327
-1 26059 44
-1 42655 204
-1 16691 147
-1 23602 205
-1 33963 146
-1 24184 260
-1 28700 15
-1 7804 273
-1 37403 534
-1 37763 450
-1 33407 152
-1 37067 274
-1 13075 101
-1 42877 203
-1 12559 59
-1 27606 230
-1 42694 410
-1 42688 256
-1 25570 15
-1 35787 68
-1 7684 65
-1 23263 720
-1 34761 123
-1 21809 53
-1 3990 127
-1 23956 395
-1 19885 36
-1 40826 150
-1 22348 246
-1 17309 22
-1 38910 421
-1 24601 130
-1 10984 50
-1 36540 346
-1 41832 122
-1 36988 450
-1 16053 497
-1 26327 51
-1 41551 632
-1 13260 359
-1 20400 371
-1 24175 512
-1 22924 79
-1 31094 54
-1 23921 616
-1 33748 226
-1 30956 39
-1 27524 386
-1 39479 268
-1 41592 471
-1 4058 108
-1 36584 141
-1 28546 344
-1 41843 328
-1 38388 201
-1 6149 7
-1 36560 269
-1 26360 76
-1 41256 148
