label imagenumber objectnumber
+1 42772 299
+1 16262 69
+1 13565 51
+1 30307 188
+1 33690 469
+1 34381 352
+1 41772 335
+1 31570 188
+1 37351 117
+1 37482 607
+1 39900 152
+1 33478 193
+1 18946 144
+1 40067 487
+1 8828 68
+1 27015 306
+1 9859 60
+1 23207 524
+1 40850 36
+1 30739 313
+1 5127 82
+1 41511 384
+1 25122 27
+1 13668 202
+1 33629 68
+1 34707 529
+1 24305 46
+1 10530 6
+1 37155 257
+1 30321 287
+1 15686 348
+1 41772 346
+1 27862 125
+1 34730 611
+1 9513 46
+1 23294 352
+1 679 125
+1 42161 581
+1 32758 549
+1 30896 368
+1 28170 132
+1 31141 138
+1 26843 539
+1 39003 361
+1 39281 100
+1 20366 372
+1 39964 182
+1 11732 139
+1 10108 2
+1 12887 44
+1 37231 147
+1 3806 24
+1 41686 251
+1 24230 400
+1 7171 141
+1 41880 452
+1 33117 144
+1 31936 230
+1 31131 33
+1 36784 254
+1 21258 55
+1 39507 559
+1 24454 78
+1 33983 365
+1 15482 2
+1 35739 435
+1 29763 186
+1 34624 233
+1 41639 595
+1 12781 116
+1 28711 228
+1 35725 311
+1 33008 390
+1 42002 176
+1 24292 78
+1 32921 246
+1 32191 118
+1 3634 32
+1 30279 473
+1 6407 241
+1 31472 556
+1 41787 390
+1 37732 199
+1 9071 130
+1 29074 209
+1 27907 432
+1 4149 73
+1 40567 242
+1 7280 173
+1 35463 580
+1 37648 372
+1 32958 649
+1 30588 71
+1 37387 60
+1 32034 315
+1 22203 428
+1 33307 421
+1 27113 10
+1 36886 46
+1 18957 128
+1 42480 262
+1 31509 82
+1 32123 64
+1 42597 364
+1 41637 41
+1 40263 662
+1 40260 276
+1 42155 454
+1 29884 361
+1 29814 345
+1 20694 276
+1 20510 247
+1 9266 105
+1 42173 377
+1 42839 250
+1 24124 547
+1 26316 7
+1 30154 54
+1 24169 233
+1 39691 187
+1 21720 449
+1 32269 136
+1 31030 217
+1 16496 109
+1 36982 156
+1 23777 206
+1 32905 90
+1 39035 184
+1 24298 123
+1 23600 62
+1 24375 350
+1 39200 72
+1 23614 424
+1 23600 145
+1 34531 106
+1 23231 261
+1 23790 183
+1 25566 232
+1 29657 122
+1 24000 27
+1 34531 106
+1 23232 144
+1 27482 47
+1 24557 111
+1 10290 8
+1 23605 91
+1 35934 50
+1 23799 463
+1 23223 315
+1 19791 4
+1 31864 86
+1 36958 279
+1 23600 62
+1 24000 27
+1 23556 427
+1 21923 316
-1 24167 302
-1 24167 75
-1 24167 338
-1 24167 30
-1 24167 310
-1 24167 214
-1 24167 202
-1 24167 214
-1 24167 310
-1 24167 30
-1 24167 223
-1 24167 202
-1 24167 481
-1 24167 108
-1 24167 337
-1 24167 481
-1 24167 337
-1 24167 373
-1 24167 188
-1 24167 148
-1 24167 28
-1 24167 426
-1 24167 80
-1 24167 108
-1 24167 93
-1 24167 351
-1 24167 437
-1 24167 70
-1 24167 188
-1 24167 47
-1 24167 235
-1 24167 198
-1 24167 214
-1 24167 284
-1 24167 379
-1 24167 235
-1 24167 418
-1 24167 252
-1 24167 220
-1 24167 187
-1 16110 54
-1 18674 26
-1 14583 59
-1 33243 132
-1 16297 266
-1 13077 133
-1 11798 20
-1 37247 23
-1 23204 203
-1 32439 738
-1 41219 55
-1 9797 87
-1 10195 341
-1 5927 68
-1 21839 367
-1 23498 111
-1 6984 19
-1 38802 75
-1 31549 14
-1 29969 105
-1 37012 261
-1 6524 5
-1 21863 49
-1 31917 148
-1 5795 339
-1 27893 82
-1 37861 32
-1 27269 63
-1 11193 159
-1 38136 79
-1 31604 210
-1 4565 44
-1 23801 55
-1 34502 402
-1 15560 51
-1 7762 66
-1 30377 133
-1 34280 89
-1 40445 174
-1 2145 49
-1 32667 82
-1 39598 329
-1 33000 444
-1 41201 118
-1 15813 5
-1 24704 115
-1 37539 345
-1 25116 22
-1 42611 465
-1 13177 64
-1 38965 12
-1 40658 1
-1 23614 471
-1 22533 93
-1 16440 255
-1 33045 8
-1 42049 71
-1 23742 236
-1 19622 9
-1 23220 128
-1 19388 51
-1 14285 36
-1 636 24
-1 8185 82
-1 3964 115
-1 18091 284
-1 36293 61
-1 40740 40
-1 8654 82
-1 24270 484
-1 37922 132
-1 22565 25
-1 33625 28
-1 41141 131
-1 20210 138
-1 9593 95
-1 14846 120
-1 36779 49
-1 23536 278
-1 35116 43
-1 914 125
-1 31106 35
-1 27779 244
-1 8846 59
-1 14048 237
-1 17100 524
-1 32 208
-1 22297 50
-1 30800 97
-1 36882 58
-1 14091 130
-1 23108 42
-1 13576 15
-1 23797 364
-1 30764 22
-1 26004 375
-1 29212 3
-1 32819 201
-1 40877 57
-1 11771 5
-1 9595 71
-1 33378 466
-1 5328 20
-1 29964 82
-1 39054 69
-1 25788 92
-1 30983 461
-1 4752 53
-1 29688 12
-1 11206 96
-1 5325 153
-1 26388 122
-1 38469 15
-1 26167 98
-1 14658 32
-1 27247 26
-1 38672 274
-1 8334 24
-1 29425 2
-1 40343 1
-1 6286 68
-1 27259 360
-1 29997 36
-1 5579 45
-1 6328 42
-1 5449 157
-1 16158 275
-1 39842 43
-1 6841 14
-1 34105 111
-1 38538 36
-1 5314 330
-1 11955 201
-1 17907 170
-1 31216 444
-1 24332 224
-1 8640 9
-1 38896 350
-1 8984 80
-1 28694 99
-1 18953 52
-1 36785 111
-1 4257 70
-1 30538 70
-1 42686 180
-1 18074 45
-1 34484 163
-1 38094 147
-1 3365 328
-1 33742 295
-1 751 58
-1 26743 40
-1 19297 104
-1 38316 37
-1 17677 36
-1 18374 77
-1 17408 461
-1 16510 33
-1 24560 55
-1 39900 154
-1 35571 266
-1 10218 37
-1 23998 369
-1 21959 52
-1 24292 437
-1 34153 130
-1 41364 132
-1 4530 81
-1 38440 207
-1 23465 78
-1 42395 98
-1 36339 689
-1 1311 19
-1 41430 85
-1 21431 169
-1 18839 2
-1 34409 172
-1 25627 20
-1 35565 43
-1 29049 227
-1 40828 116
-1 34485 46
-1 13195 21
-1 28622 10
-1 17771 24
-1 40359 82
-1 14196 15
-1 23230 96
-1 1182 131
-1 22276 3
-1 4259 35
-1 7940 60
-1 3790 119
-1 6203 4
-1 5279 7
-1 27004 138
-1 20643 66
-1 24717 13
-1 37750 33
-1 33011 39
-1 19879 111
-1 24991 37
-1 22743 57
-1 12341 25
-1 14425 105
-1 813 55
-1 38128 29
-1 19377 73
-1 6996 52
-1 42419 565
-1 622 71
-1 37384 282
-1 9419 21
-1 24357 458
-1 5894 103
-1 24583 2
-1 10953 70
-1 20110 80
-1 31748 154
-1 1320 137
-1 17475 200
-1 7386 25
-1 3108 59
-1 3304 6
-1 28646 111
-1 27988 72
-1 764 25
-1 2046 127
-1 2778 32
-1 24165 27
-1 11590 37
-1 13630 5
-1 28079 94
-1 10228 56
-1 27142 32
-1 12808 63
-1 3600 17
-1 35422 92
-1 11585 11
-1 149 14
-1 38756 85
-1 31415 148
-1 41203 165
-1 5160 6
-1 6204 147
-1 19497 138
-1 37665 203
-1 29803 346
-1 41138 142
-1 28634 32
-1 1480 87
-1 6218 24
-1 24830 42
-1 18063 196
-1 24375 256
-1 13526 25
-1 8185 191
-1 42632 308
-1 40061 127
-1 23797 107
-1 24167 337
-1 7386 161
-1 37356 60
-1 10544 37
-1 8422 175
-1 7760 42
-1 23597 390
-1 34418 52
-1 14309 25
-1 24368 5
-1 324 14
-1 27376 47
-1 25950 49
-1 15994 41
-1 35640 604
-1 21240 52
-1 31498 2
-1 5302 99
-1 35014 271
-1 25457 22
-1 7761 24
-1 3786 102
-1 568 2
-1 33437 44
-1 36310 2
-1 12793 341
-1 41219 71
-1 4873 177
-1 24610 26
-1 42885 153
-1 22126 111
-1 11644 184
-1 39267 14
-1 33543 560
-1 14543 172
-1 2769 231
-1 10078 21
-1 23976 307
-1 4670 50
-1 34198 117
-1 29211 79
-1 24165 339
-1 38212 60
-1 17342 153
-1 3966 60
-1 17170 86
-1 22019 82
-1 29227 329
-1 23920 87
-1 23974 334
-1 31474 5
-1 20210 61
-1 5370 52
-1 39378 493
-1 16117 63
-1 20391 14
-1 37131 105
-1 38964 253
-1 41628 107
-1 33877 186
-1 11782 47
-1 5340 40
-1 36330 178
-1 20933 137
-1 425 126
-1 29563 180
-1 12960 146
-1 30187 474
-1 5402 222
-1 40798 447
-1 7074 55
-1 2431 272
-1 20515 312
-1 6689 4
-1 30618 421
-1 27405 51
-1 3160 53
-1 40551 103
-1 23174 81
-1 375 33
-1 22979 9
-1 23228 192
-1 31452 70
-1 31917 148
-1 16108 215
-1 8120 53
-1 38763 103
-1 23983 7
-1 5353 3
-1 893 59
-1 13374 151
-1 23599 66
-1 22328 51
-1 23534 120
-1 42475 294
-1 37547 398
-1 20455 252
-1 42302 276
-1 17685 55
-1 9418 7
-1 28015 48
-1 29351 186
-1 37033 53
-1 7445 27
-1 39048 172
-1 42564 74
-1 32601 21
-1 10186 13
-1 18709 44
-1 33340 162
-1 15570 118
-1 8728 35
-1 38773 29
-1 1299 142
-1 31809 22
-1 34345 278
-1 24488 238
-1 33974 250
-1 25267 201
-1 39252 46
-1 10156 182
-1 23614 471
-1 34764 202
-1 321 84
-1 17024 302
-1 19797 92
-1 400 73
-1 42545 163
-1 38768 7
-1 4802 49
-1 3701 73
-1 26924 82
-1 19332 139
-1 39027 282
-1 39047 162
-1 22095 23
-1 9222 49
-1 20678 472
-1 29923 295
-1 18265 80
-1 6597 2
-1 10947 143
-1 34217 314
-1 40575 281
-1 17687 48
-1 37927 9
-1 26400 36
-1 23791 62
-1 11935 21
-1 39126 206
-1 35992 201
-1 17231 590
-1 36320 366
-1 29782 40
-1 20605 198
-1 31844 60
-1 40230 91
-1 33487 112
-1 10833 100
-1 37385 31
-1 33380 189
-1 30489 57
-1 14372 35
-1 1037 72
-1 8649 97
-1 25079 48
-1 19718 48
-1 37363 307
-1 33390 139
-1 30398 514
-1 9393 57
-1 24190 205
-1 4293 61
-1 323 135
-1 22314 161
-1 25762 45
-1 31922 331
-1 23076 201
-1 34471 245
-1 37035 161
-1 23399 450
-1 37750 54
-1 31100 40
-1 4072 183
-1 36246 427
-1 23691 53
-1 9144 135
-1 41977 36
-1 40826 321
-1 16548 11
-1 25505 33
-1 41092 76
-1 37010 210
-1 19785 181
-1 5503 23
-1 38264 165
-1 29475 25
-1 26947 43
-1 42456 340
-1 14635 60
-1 39602 21
-1 1739 28
-1 8170 33
-1 25764 70
-1 20237 30
-1 21587 72
-1 5377 12
-1 34796 523
-1 23725 20
-1 41793 221
-1 14706 71
-1 24168 405
-1 33003 238
-1 20619 150
-1 28703 20
-1 29830 103
-1 22687 15
-1 32350 64
-1 4529 140
-1 42580 37
-1 35902 70
-1 35680 242
-1 39706 105
-1 34785 291
-1 1294 63
-1 11433 293
-1 25335 60
-1 10593 55
-1 22047 2
-1 17363 7
-1 23658 63
-1 5196 70
-1 28240 88
-1 11764 141
-1 20498 391
-1 4812 179
-1 33082 183
-1 2354 128
-1 17310 243
-1 24165 233
-1 39324 214
-1 27321 81
-1 30345 7
-1 7836 3
-1 15196 113
-1 42815 186
-1 24832 35
-1 3849 10
-1 13562 44
-1 12220 198
-1 18587 84
-1 37529 5
-1 24174 211
-1 2237 88
-1 26925 165
-1 35688 223
-1 16350 263
-1 18684 80
-1 19282 76
-1 24184 299
-1 3551 23
-1 32684 45
-1 4135 15
-1 41188 160
-1 27861 82
-1 22226 200
-1 29006 51
-1 39036 180
-1 34895 19
-1 22047 2
-1 10792 126
-1 40557 500
-1 16178 127
-1 33117 243
-1 32611 293
-1 4257 3
-1 35694 12
-1 17885 63
-1 13136 120
-1 32612 231
-1 6800 26
-1 21735 40
-1 24711 51
-1 40924 2
-1 28847 88
-1 20389 100
-1 24308 156
-1 21552 266
-1 31995 229
-1 6628 53
-1 39641 4
-1 28224 60
-1 25732 13
-1 11930 108
-1 18588 137
-1 35003 85
-1 1061 62
-1 31361 424
-1 33009 221
-1 9551 660
-1 3411 134
-1 5263 108
-1 4990 71
-1 8553 75
-1 10334 67
-1 30773 91
-1 17413 202
-1 837 16
-1 34502 75
-1 28658 102
-1 3877 74
-1 33125 355
-1 18692 20
-1 28916 47
-1 4511 9
-1 33222 24
-1 8057 36
-1 6530 68
-1 16209 72
-1 4446 72
-1 632 152
-1 4295 21
-1 24190 353
-1 35547 23
-1 8673 79
-1 9682 37
-1 32820 4
-1 33463 53
-1 14809 121
-1 21708 166
-1 12711 55
-1 10261 6
-1 16363 108
-1 17908 83
-1 33626 164
-1 19374 157
-1 40874 198
-1 710 434
-1 37371 122
-1 34371 25
-1 35443 195
-1 31940 178
-1 23044 6
-1 34796 318
-1 3603 93
-1 29500 118
-1 254 43
-1 28462 30
-1 36238 4
-1 26981 204
-1 9164 3
-1 4067 134
-1 17335 139
-1 39372 51
-1 18374 153
-1 3243 68
-1 21764 40
-1 24422 55
-1 10953 47
-1 31376 140
-1 36661 157
-1 11442 74
-1 5059 93
-1 37786 13
-1 37010 172
-1 17120 24
-1 28765 1
-1 34304 99
-1 6521 55
-1 30320 129
-1 6364 50
-1 33798 17
-1 21350 242
-1 9779 89
-1 28178 147
-1 19588 49
-1 39543 369
-1 7948 119
-1 22997 207
-1 30404 88
-1 24831 55
-1 536 274
-1 30222 62
-1 25887 43
-1 12605 9
-1 23684 4
-1 9320 29
-1 24149 22
-1 14184 39
-1 20808 229
-1 3258 3
-1 12041 88
-1 2778 31
-1 9762 19
-1 19385 42
-1 14862 109
-1 41147 115
-1 34484 197
-1 25827 93
-1 41203 116
-1 34665 386
-1 399 59
-1 8898 14
-1 31273 239
-1 25504 27
-1 5842 193
-1 23415 587
-1 23792 416
-1 7986 34
-1 7075 128
-1 3673 17
-1 37965 19
-1 17881 220
-1 28103 73
-1 35127 95
-1 26993 154
-1 37510 197
-1 24254 341
-1 35076 20
-1 24440 186
-1 31135 163
-1 5437 134
-1 41533 310
-1 30269 236
-1 39379 55
-1 16068 24
-1 32171 19
-1 37400 452
-1 33612 216
-1 6160 64
-1 36093 8
-1 33055 351
-1 17323 42
-1 16836 35
-1 25214 16
-1 42435 31
-1 24551 462
-1 15619 45
-1 40737 55
-1 41505 179
-1 34607 210
-1 28890 68
-1 37634 59
-1 17064 68
-1 16390 22
-1 22934 176
-1 20235 3
-1 38957 146
-1 24589 53
-1 18482 85
-1 23718 92
-1 19591 165
-1 5976 1
-1 18706 193
-1 20317 189
-1 16494 172
-1 31888 11
-1 11076 344
-1 38037 101
-1 12638 24
-1 25023 325
-1 40379 445
-1 35032 90
-1 6694 31
-1 36011 75
-1 42172 391
-1 10444 219
-1 39320 110
-1 42838 130
-1 34621 7
-1 30135 240
-1 27006 251
-1 9305 54
-1 40978 212
-1 26908 322
-1 27902 2
-1 17811 10
-1 8900 103
-1 32725 168
-1 28852 167
-1 13508 102
-1 5205 129
-1 17033 76
-1 11939 154
-1 42072 630
-1 33960 82
-1 37223 97
-1 21349 109
-1 10424 2
-1 42703 208
-1 34430 341
-1 24082 135
-1 38629 221
-1 20472 412
-1 3564 6
-1 18439 236
-1 31081 162
-1 37226 167
-1 12315 358
-1 32031 63
-1 27150 89
-1 32900 411
-1 34476 60
-1 20228 246
-1 35763 359
-1 24306 480
-1 34244 178
-1 27956 92
-1 26635 155
-1 23396 149
-1 20276 435
-1 26001 342
-1 8145 197
-1 24549 203
-1 30943 385
-1 12768 93
-1 30775 388
-1 35497 2
-1 21040 424
-1 37918 509
-1 37725 167
-1 198 9
-1 24086 184
-1 39594 57
-1 23964 414
-1 18111 233
-1 23590 292
-1 30692 62
-1 20392 144
-1 20421 18
-1 35945 373
-1 37867 303
-1 35028 266
-1 23938 422
-1 26425 126
-1 24225 120
-1 10881 36
-1 27903 173
-1 30086 94
-1 16066 102
-1 34092 212
-1 6579 95
-1 26380 327
-1 27930 419
-1 34423 42
-1 23180 32
-1 1123 57
-1 27044 8
-1 21180 6
-1 30230 7
-1 7447 72
-1 36149 210
-1 21516 97
-1 6572 426
-1 29143 35
-1 35471 142
-1 14505 280
-1 37859 24
-1 25694 11
-1 365 152
-1 31356 18
-1 29616 221
-1 34166 333
-1 8468 94
-1 40338 197
-1 40845 206
-1 35725 143
-1 36067 165
-1 23303 849
-1 35353 114
-1 30103 196
-1 35051 47
-1 18659 13
-1 31561 219
-1 14679 111
-1 27760 90
-1 39195 67
-1 41348 147
-1 23887 223
-1 42748 78
-1 8076 13
-1 42938 150
-1 21860 7
-1 7220 73
-1 39816 305
-1 15877 79
-1 20556 29
-1 20467 470
-1 30040 295
-1 8138 65
-1 68 116
-1 10137 151
-1 23319 258
-1 40592 139
-1 26494 65
-1 38432 89
-1 1193 260
-1 32223 85
-1 27259 18
-1 42168 377
-1 22394 352
-1 21554 256
-1 4652 269
-1 23456 553
-1 22918 84
-1 30364 75
-1 38023 34
-1 14420 67
-1 24293 108
-1 11236 113
-1 5162 34
-1 35116 83
-1 23886 196
-1 33068 296
-1 9070 5
-1 9353 34
-1 22039 66
-1 37816 280
-1 20529 10
-1 8892 1
-1 28956 5
-1 21087 35
-1 5727 53
-1 12946 11
-1 27767 64
-1 15863 194
-1 18850 346
-1 33557 151
-1 4798 28
-1 23783 446
-1 22407 63
-1 42958 24
-1 723 30
-1 29075 22
-1 2379 72
-1 26763 139
-1 31240 108
-1 36481 13
-1 32804 247
-1 23838 404
-1 25689 57
-1 20358 15
-1 42780 286
-1 23443 124
-1 39343 348
-1 42533 509
-1 42398 424
-1 12745 184
-1 39544 289
-1 37793 254
-1 16078 49
-1 22075 29
-1 23799 276
-1 16433 184
-1 35930 37
-1 24061 26
-1 26919 140
-1 32251 96
-1 30996 198
-1 23791 377
-1 25477 47
-1 11000 19
-1 39198 95
-1 10093 30
-1 26069 95
-1 20792 66
-1 39200 168
-1 36065 49
-1 15659 27
-1 19467 27
-1 4533 90
-1 15985 102
-1 17694 56
-1 15987 77
-1 4258 61
-1 35594 45
-1 23790 105
-1 1364 16
-1 25480 69
-1 25826 89
-1 4845 9
-1 29451 104
-1 37452 24
-1 40039 187
-1 850 13
-1 13665 173
-1 36153 99
-1 33580 174
-1 39864 96
-1 2769 154
-1 14359 17
-1 42836 192
-1 42270 60
-1 3681 2
-1 25556 14
-1 27004 107
-1 907 107
-1 841 101
-1 25392 75
-1 19466 40
-1 36502 32
-1 26515 52
-1 4706 70
-1 904 261
-1 40528 220
-1 12122 81
-1 28894 49
-1 15853 45
-1 21826 184
-1 8505 48
-1 26964 27
-1 33393 309
-1 36310 86
-1 19466 123
-1 9056 9
-1 41095 70
-1 35376 162
-1 36390 295
-1 23662 325
-1 33692 87
-1 23965 75
-1 39201 177
-1 36351 149
-1 34355 165
-1 39704 18
-1 36404 84
-1 22462 206
-1 39999 306
-1 22764 313
-1 27892 47
-1 37161 68
-1 29875 186
-1 7609 25
-1 25678 20
-1 39716 134
-1 39572 232
-1 36758 366
-1 27001 32
-1 33193 505
-1 6000 63
-1 23476 9
-1 14659 98
-1 4503 106
-1 23080 73
-1 29337 31
-1 9483 344
-1 13442 1
-1 17399 77
-1 4258 21
-1 42410 291
-1 23514 166
-1 9867 48
-1 5504 21
-1 38096 85
-1 26994 212
-1 21752 24
-1 36881 51
-1 171 72
-1 4877 2
-1 15599 1
-1 28464 70
-1 33703 107
-1 543 6
-1 1762 142
-1 16387 1
-1 35602 33
-1 38973 220
-1 8920 14
-1 36202 99
-1 29549 160
-1 35637 102
-1 6799 31
-1 16066 149
-1 37394 78
-1 20390 278
-1 38565 53
-1 4107 85
-1 24324 79
-1 133 48
-1 30271 100
-1 41455 263
-1 18449 37
-1 28195 52
-1 23631 167
-1 5772 105
-1 22420 113
-1 26961 54
-1 39999 86
-1 40085 2
-1 12635 344
-1 5428 191
-1 41596 301
-1 41701 74
-1 32117 331
-1 41695 476
-1 38302 133
-1 24241 54
-1 39189 111
-1 36501 7
-1 24062 447
-1 24359 433
-1 21551 315
-1 33616 105
-1 13139 128
-1 14252 156
-1 31947 133
-1 4843 2
-1 38531 310
-1 38218 23
-1 33560 105
-1 32503 55
-1 11573 51
-1 32503 55
-1 23416 381
-1 27247 2
-1 42803 186
-1 40681 16
-1 924 26
-1 5604 98
-1 42358 392
-1 38668 9
-1 33625 31
-1 40875 72
-1 40084 60
-1 38926 60
-1 28007 742
-1 2707 119
-1 41519 11
-1 22402 235
-1 24046 413
-1 29173 161
-1 42738 36
-1 41256 148
-1 26360 76
-1 36560 269
-1 6149 7
-1 38388 201
-1 41843 328
-1 28546 344
-1 36584 141
-1 4058 108
-1 41592 471
-1 39479 268
-1 27524 386
-1 30956 39
-1 33748 226
-1 23921 616
-1 31094 54
-1 22924 79
-1 24175 512
-1 20400 371
-1 13260 359
-1 41551 632
-1 26327 51
-1 16053 497
-1 36988 450
-1 41832 122
-1 36540 346
-1 10984 50
-1 24601 130
-1 38910 421
-1 17309 22
-1 22348 246
-1 40826 150
-1 19885 36
-1 23956 395
-1 3990 127
-1 21809 53
-1 34761 123
-1 23263 720
-1 7684 65
-1 35787 68
-1 25570 15
-1 42688 256
-1 42694 410
-1 27606 230
-1 12559 59
-1 42877 203
-1 13075 101
-1 37067 274
-1 33407 152
-1 37763 450
-1 37403 534
-1 7804 273
-1 28700 15
-1 24184 260
-1 33963 146
-1 23602 205
-1 16691 147
-1 42655 204
-1 26059 44
-1 17731 327
-1 34687 71
-1 9454 58
-1 27285 69
-1 34126 51
-1 17566 195
-1 33999 48
-1 23494 383
-1 33063 123
-1 16399 319
-1 42970 145
-1 42159 568
-1 37878 213
-1 42715 125
-1 42339 407
-1 34942 70
-1 31160 183
-1 16728 121
-1 42397 485
-1 25252 1
-1 32691 158
-1 41644 648
-1 31429 295
-1 33451 476
-1 35020 676
-1 32365 8
-1 31144 172
-1 39223 311
-1 27960 325
-1 11947 211
-1 20479 270
-1 33541 177
-1 18060 126
-1 13517 157
-1 23208 548
-1 30323 155
-1 34476 311
-1 32431 539
-1 39394 105
-1 42769 123
-1 23493 52
-1 34514 489
-1 40395 396
-1 19464 80
-1 37112 402
-1 42396 313
-1 42548 137
-1 12697 177
-1 42020 492
-1 9431 374
-1 481 16
-1 37194 34
-1 37709 277
-1 33623 73
-1 42157 726
-1 42529 199
-1 32443 313
-1 17707 81
-1 13291 232
-1 37269 386
-1 26449 332
-1 23961 152
-1 39312 194
-1 32835 174
-1 33118 291
-1 37646 234
-1 32921 79
-1 2046 237
-1 35104 198
-1 18997 32
-1 23347 754
-1 35946 331
-1 18794 198
-1 34253 195
-1 39629 64
-1 38145 173
-1 9280 56
-1 30098 226
-1 21752 19
-1 36722 297
-1 38520 555
-1 6068 110
-1 10012 292
-1 12598 185
-1 19252 26
-1 6536 21
-1 20966 153
-1 24454 32
-1 29259 39
-1 41791 452
-1 14664 219
-1 12679 103
-1 37783 375
-1 41784 862
-1 14759 260
-1 27542 79
-1 12761 114
-1 17511 39
-1 1386 107
-1 36719 326
-1 23888 193
-1 19571 207
-1 42004 272
-1 32574 322
-1 6845 12
-1 11946 5
-1 41583 536
-1 24462 9
-1 100 5
-1 23347 754
-1 13052 119
-1 37296 264
-1 41605 125
-1 40398 57
-1 37173 431
-1 22838 237
-1 35053 327
-1 19818 39
-1 42917 372
-1 23380 249
-1 22446 459
-1 2805 146
-1 13496 18
-1 42375 605
-1 19204 51
-1 26897 111
-1 32448 123
-1 5796 157
-1 35968 94
-1 17408 672
-1 24166 361
-1 12312 234
-1 14985 162
-1 17370 78
-1 23795 150
-1 41584 260
-1 14590 102
-1 30960 166
-1 31634 339
-1 27797 93
-1 141 57
-1 35006 420
-1 5894 4
-1 23462 581
-1 21916 49
-1 37583 151
-1 33158 205
-1 33988 180
-1 37748 161
-1 41604 555
-1 22059 262
-1 28404 48
-1 21009 128
-1 35919 5
-1 3915 288
-1 20483 481
-1 41522 192
-1 32247 118
-1 4614 9
-1 33277 121
-1 42415 223
-1 25993 47
-1 24464 259
-1 23399 637
-1 10948 140
-1 32446 221
-1 30028 71
-1 23393 455
-1 33695 103
-1 19166 105
-1 3781 70
-1 22336 249
-1 42488 326
-1 42069 281
-1 23587 855
-1 30952 118
-1 27772 116
-1 31800 154
-1 41688 4
-1 28851 8
-1 13771 6
-1 18066 209
-1 15184 20
-1 40630 209
-1 36004 16
-1 22913 42
-1 15312 65
-1 42154 220
-1 35007 232
-1 17533 134
-1 21751 373
-1 41808 642
-1 29715 626
-1 40263 214
-1 35779 800
-1 42632 416
-1 6277 86
-1 42163 543
-1 26339 161
-1 39143 328
-1 41210 11
-1 30625 62
-1 35407 318
-1 6152 60
-1 42440 141
-1 33350 389
-1 39104 230
-1 42367 203
-1 23240 229
-1 30560 45
-1 39206 383
-1 36371 343
-1 34003 473
-1 28777 270
-1 23793 82
-1 17504 35
-1 19371 149
-1 34960 77
-1 13204 217
-1 32685 71
-1 13054 106
-1 33158 488
-1 34616 76
-1 32621 6
-1 33929 119
-1 5037 381
-1 42859 82
-1 42878 97
-1 22263 145
-1 37904 301
-1 12695 83
-1 35227 271
-1 33341 535
-1 20446 17
-1 25288 135
-1 24021 312
-1 23348 862
-1 27959 688
-1 38403 3
-1 4106 73
-1 12883 191
-1 13119 128
-1 26275 86
-1 39598 212
-1 36986 87
-1 34514 350
-1 39248 92
-1 8289 177
-1 34279 107
-1 12533 370
-1 23332 345
-1 29730 279
-1 34685 417
-1 31560 178
-1 24557 181
-1 36149 135
-1 23278 185
-1 41340 228
-1 35030 116
-1 15776 570
-1 34914 201
-1 37404 300
-1 34772 166
-1 30116 260
-1 38681 80
-1 18495 357
-1 6579 88
-1 1856 210
-1 36895 485
-1 17196 218
-1 20083 416
-1 23707 249
-1 33704 48
-1 34233 212
-1 31340 45
-1 40279 320
-1 24485 120
-1 30091 450
-1 32710 73
-1 17896 200
-1 5229 113
-1 37698 413
-1 20876 162
-1 17549 334
-1 39191 141
-1 29041 421
-1 40378 312
-1 12371 72
-1 36117 483
-1 30904 43
-1 11335 32
-1 12017 174
-1 34382 380
-1 10292 241
-1 20486 262
-1 888 293
-1 37171 141
-1 33174 767
-1 24246 237
-1 41587 437
-1 42768 92
-1 10199 176
-1 34839 387
-1 35030 116
-1 36370 292
-1 9456 25
-1 8980 159
-1 19463 182
-1 33752 276
-1 37610 151
-1 24643 34
-1 11402 54
-1 31026 65
-1 600 139
-1 42568 555
-1 23055 345
-1 35628 60
-1 31396 52
-1 41749 366
-1 35827 132
-1 32078 449
-1 40086 92
-1 19435 62
-1 34772 557
-1 22204 379
-1 36590 413
-1 41843 534
-1 38033 566
-1 5782 93
-1 21607 196
-1 41586 391
-1 23632 513
-1 13260 345
-1 39570 359
-1 36262 177
-1 34071 751
-1 40217 82
-1 37524 99
-1 32758 232
-1 24437 2
-1 42723 15
-1 27417 71
-1 34330 241
-1 41829 587
-1 11569 68
-1 5259 161
-1 12490 175
-1 33760 73
-1 42304 20
-1 39382 405
-1 17729 269
-1 2790 41
-1 119 29
-1 20939 218
-1 41969 538
-1 38579 287
-1 40827 241
-1 29927 279
-1 39005 138
-1 23946 250
-1 24499 252
-1 39570 218
-1 13511 79
-1 31569 63
-1 8291 177
-1 36372 436
-1 34366 140
-1 6426 37
-1 5324 66
-1 40845 28
-1 8765 71
-1 37872 5
-1 41735 232
-1 23356 285
-1 39154 350
-1 35239 36
-1 33512 89
-1 18851 225
-1 23840 377
-1 32805 114
-1 18648 14
-1 31143 223
-1 17926 115
-1 34139 213
-1 35787 146
-1 36985 119
-1 41009 4
-1 32956 159
-1 23516 240
-1 23601 336
-1 38647 198
-1 23283 300
-1 39387 233
-1 23395 375
-1 20232 90
-1 24884 688
-1 30995 784
-1 41927 729
-1 17630 11
-1 19158 150
-1 9604 54
-1 32206 63
-1 42031 171
-1 39155 330
-1 42393 207
-1 26543 100
-1 33406 557
-1 7755 14
-1 8379 246
-1 7688 62
-1 34423 233
-1 33762 37
-1 33160 532
-1 23261 338
-1 12883 279
-1 4926 77
-1 4510 50
-1 25565 29
-1 42598 299
-1 24063 317
-1 37952 519
-1 36021 85
-1 20789 57
-1 24375 224
-1 23983 329
-1 33394 138
-1 23800 473
-1 24167 481
-1 23798 361
-1 23608 355
-1 17768 46
-1 23415 403
-1 3169 161
-1 24382 85
-1 35595 81
-1 39644 80
-1 24551 196
-1 19465 27
-1 23414 106
-1 23981 225
-1 23592 164
-1 17693 45
-1 23606 124
-1 23791 144
-1 23592 438
-1 29404 87
-1 36958 213
-1 33295 21
-1 24374 38
-1 33009 257
-1 23974 521
-1 17688 97
-1 23797 172
-1 33001 74
-1 3169 77
-1 13456 56
-1 14563 6
-1 23981 225
-1 23992 187
-1 38740 67
-1 23415 403
-1 24367 429
-1 40633 18
-1 29451 209
-1 23989 5
-1 34958 46
-1 9865 161
-1 3169 89
-1 32996 420
-1 32379 42
-1 41567 393
-1 41523 247
-1 36999 310
-1 32523 244
-1 23559 52
-1 40874 144
-1 30584 191
-1 28692 85
-1 4490 36
-1 42742 161
-1 41709 672
-1 36009 245
-1 27117 101
-1 18945 89
-1 42117 693
-1 23246 243
-1 20478 216
-1 30188 42
-1 37376 32
-1 27057 81
-1 1830 27
-1 24137 194
-1 39107 542
-1 33057 41
-1 36703 266
-1 6883 90
-1 33397 349
-1 33428 206
-1 32062 18
-1 33748 300
-1 36992 246
-1 41755 303
-1 37279 226
-1 13453 28
-1 846 32
-1 33045 116
-1 26897 64
-1 9810 68
-1 27903 200
-1 17259 192
-1 4280 22
-1 26610 44
-1 23944 54
-1 24861 33
-1 11660 51
-1 12795 133
-1 33310 157
-1 32804 163
-1 27890 60
-1 37161 40
-1 34752 219
-1 31564 115
-1 12340 258
-1 28331 160
-1 38708 327
-1 33403 160
-1 42203 583
-1 41620 859
-1 35920 118
-1 40235 163
-1 30434 41
-1 33687 54
-1 41643 53
-1 32962 30
-1 34831 66
-1 2416 104
-1 41599 81
-1 39159 57
-1 30525 39
-1 23675 84
-1 23231 138
-1 26209 1
-1 24374 258
-1 37163 46
-1 2337 39
-1 24184 80
-1 33009 338
-1 23990 63
-1 23997 55
-1 18586 7
-1 23982 541
-1 23982 215
-1 23975 17
-1 23974 104
-1 24182 149
-1 11574 89
-1 24241 32
-1 24176 336
-1 24182 145
-1 24167 267
-1 24173 40
-1 28538 82
-1 32912 7
-1 23414 382
-1 23982 306
-1 24991 16
-1 23781 261
-1 23791 193
-1 23792 373
-1 36310 65
-1 24189 34
-1 23599 291
-1 24175 482
-1 23990 73
-1 23981 157
-1 23415 519
-1 23992 93
-1 26515 65
-1 23974 668
-1 23799 326
-1 23222 98
-1 23589 12
-1 23416 344
-1 23231 377
-1 26699 165
-1 23791 253
-1 15657 150
-1 23799 305
-1 24549 131
-1 24551 138
-1 24368 184
-1 24190 167
-1 23590 178
-1 23591 511
-1 28675 59
-1 17768 114
-1 23841 18
-1 24557 29
-1 21588 1
-1 23223 570
-1 23223 84
-1 24560 14
-1 23615 55
-1 24367 130
-1 24375 105
-1 33579 257
-1 23598 121
-1 23414 9
-1 26902 114
-1 26699 124
-1 20792 153
-1 23222 25
-1 24550 313
-1 24552 253
-1 15987 9
-1 24376 135
-1 14999 102
-1 38104 92
-1 28494 62
-1 24467 107
-1 12561 82
-1 723 169
-1 37299 251
-1 11721 199
-1 11674 17
-1 23754 329
-1 33128 272
-1 12682 65
-1 13284 292
-1 33732 28
-1 14225 521
-1 42187 202
-1 8758 201
-1 38736 406
-1 4574 24
-1 42529 31
-1 13895 258
-1 28430 48
-1 39989 44
-1 34604 26
-1 42483 44
-1 27908 345
-1 9311 170
-1 39312 73
-1 42307 134
-1 12538 218
-1 2233 3
-1 42659 300
-1 34628 326
-1 33580 236
-1 21073 160
-1 35973 6
-1 39141 5
-1 2736 27
-1 1431 2
-1 32994 748
-1 21060 179
-1 36801 81
-1 22663 55
-1 23532 200
-1 41429 165
-1 8180 109
-1 11607 8
-1 2125 10
-1 30416 175
-1 33992 281
-1 41959 704
-1 32291 202
-1 41900 333
-1 42312 393
-1 42018 10
-1 42428 57
-1 4814 23
-1 29503 70
-1 3407 61
-1 42305 621
-1 21301 6
-1 32598 385
-1 32420 36
-1 28273 209
-1 39085 355
-1 2815 78
-1 26357 73
-1 17960 126
-1 36128 53
-1 33168 636
-1 27241 51
-1 11057 225
-1 42596 314
-1 19402 211
-1 2152 16
-1 31474 45
-1 35403 662
-1 29387 75
-1 29592 561
-1 36994 96
-1 41718 129
-1 17229 23
-1 39235 320
-1 33804 512
-1 15748 157
-1 40814 99
-1 41718 319
-1 14803 213
-1 33236 497
-1 26775 116
-1 42046 430
-1 19774 71
-1 31708 502
-1 35306 19
-1 28332 538
-1 41434 114
-1 7916 252
-1 39123 169
-1 12529 25
-1 2773 9
-1 41897 126
-1 37461 136
-1 31457 172
-1 19574 11
-1 17393 76
-1 19885 20
-1 36807 122
-1 20302 267
-1 8370 269
-1 3686 3
-1 42783 28
-1 41631 254
-1 42310 431
-1 7729 14
-1 34831 647
-1 42229 62
-1 23379 217
-1 29160 106
-1 34990 540
-1 34430 491
-1 17325 81
-1 37995 40
-1 37995 99
-1 37995 30
-1 37995 7
-1 37995 17
-1 37995 88
-1 37995 22
-1 37995 34
-1 37995 81
-1 37995 14
-1 37995 83
-1 37995 64
-1 37995 57
-1 37995 98
-1 37995 61
-1 37995 81
-1 37995 23
-1 37995 36
-1 37995 52
-1 37995 91
-1 37996 131
-1 37996 99
-1 37996 16
-1 37996 99
-1 37996 11
-1 37996 154
-1 37996 50
-1 37996 25
-1 37996 198
-1 37996 131
-1 37996 69
-1 37996 21
-1 37996 134
-1 37996 25
-1 37996 86
-1 37996 77
-1 37996 52
-1 37996 50
-1 37996 94
-1 37996 182
-1 37993 87
-1 37993 70
-1 37993 4
-1 37993 44
-1 37993 89
-1 37993 9
-1 37993 102
-1 37993 38
-1 37993 17
-1 37993 39
-1 37993 66
-1 37993 25
-1 37993 75
-1 37993 93
-1 37993 37
-1 37993 77
-1 37993 57
-1 37993 88
-1 37993 98
-1 37993 25
-1 37994 123
-1 37994 110
-1 37994 130
-1 37994 7
-1 37994 73
-1 37994 130
-1 37994 111
-1 37994 37
-1 37994 111
-1 37994 120
-1 37994 55
-1 37994 131
-1 37994 27
-1 37994 31
-1 37994 31
-1 37994 55
-1 37994 21
-1 37994 123
-1 37994 130
-1 37994 57
-1 1857 9
-1 1857 6
-1 1857 3
-1 1857 13
-1 1857 12
-1 1857 11
-1 2449 22
-1 2449 21
-1 2449 17
-1 2449 25
-1 2449 14
-1 2449 6
-1 2449 15
-1 2449 12
-1 12049 59
-1 12049 51
-1 12049 27
-1 12049 64
-1 12049 21
-1 12049 39
-1 12049 5
-1 12049 60
-1 12049 57
-1 12049 39
-1 12049 57
-1 12049 21
-1 12049 22
-1 12049 43
-1 12049 10
-1 12049 60
-1 12049 50
-1 12049 17
-1 12049 10
-1 12049 59
-1 9705 25
-1 9705 64
-1 9705 61
-1 9705 119
-1 9705 116
-1 9705 15
-1 9705 102
-1 9705 47
-1 9705 121
-1 9705 148
-1 9705 102
-1 9705 33
-1 9705 130
-1 9705 30
-1 9705 120
-1 9705 108
-1 9705 134
-1 9705 135
-1 9705 109
-1 9706 43
-1 9706 39
-1 9706 95
-1 9706 117
-1 9706 98
-1 9706 9
-1 9706 123
-1 9706 64
-1 9706 78
-1 9706 143
-1 9706 31
-1 9706 27
-1 9706 110
-1 9706 48
-1 9706 72
-1 9706 145
-1 9706 169
-1 9706 39
-1 9706 147
-1 9706 186
-1 13461 34
-1 13461 173
-1 13461 244
-1 13461 403
-1 13461 56
-1 13461 174
-1 13461 66
-1 13461 174
-1 13461 66
-1 13461 257
-1 13461 147
-1 13461 189
-1 13461 430
-1 13461 176
-1 13461 125
-1 13461 555
-1 13461 128
-1 13461 207
-1 13461 375
-1 13461 248
-1 13462 94
-1 13462 211
-1 13462 445
-1 13462 413
-1 13462 284
-1 13462 29
-1 13462 425
-1 13462 50
-1 13462 262
-1 13462 471
-1 13462 40
-1 13462 273
-1 13462 218
-1 13462 425
-1 13462 98
-1 13462 24
-1 13462 280
-1 13462 339
-1 13462 280
-1 13462 178
-1 13463 366
-1 13463 93
-1 13463 188
-1 13463 371
-1 13463 256
-1 13463 158
-1 13463 242
-1 13463 334
-1 13463 91
-1 13463 428
-1 13463 380
-1 13463 178
-1 13463 205
-1 13463 49
-1 13463 142
-1 13463 92
-1 13463 340
-1 13463 396
-1 13463 139
-1 34509 194
-1 34509 88
-1 34509 143
-1 34509 44
-1 34509 153
-1 34509 164
-1 34509 63
-1 34509 41
-1 34509 175
-1 34509 41
-1 34509 153
-1 34509 175
-1 34509 170
-1 34509 153
-1 34509 147
-1 34509 154
-1 34509 248
-1 34509 191
-1 34509 73
-1 34510 135
-1 34510 307
-1 34510 38
-1 34510 160
-1 34510 285
-1 34510 32
-1 34510 345
-1 34510 284
-1 34510 135
-1 34510 364
-1 34510 135
-1 34510 246
-1 34510 102
-1 34510 293
-1 34510 246
-1 34510 351
-1 34510 321
-1 34510 319
-1 34510 38
-1 34510 294
-1 13006 155
-1 13006 181
-1 13006 4
-1 13006 220
-1 13006 234
-1 13006 92
-1 13006 69
-1 13006 208
-1 13006 124
-1 13006 248
-1 13006 220
-1 13006 125
-1 13006 222
-1 13006 200
-1 13006 207
-1 13006 245
-1 13006 181
-1 13006 175
-1 13006 128
-1 13006 15
-1 42705 182
-1 42705 35
-1 42705 325
-1 42705 182
-1 42705 92
-1 42705 1
-1 42705 325
-1 42705 307
-1 42705 60
-1 42705 325
-1 42705 27
-1 42705 210
-1 42705 47
-1 42705 97
-1 42705 216
-1 42705 278
-1 42707 89
-1 42707 424
-1 42707 364
-1 42707 424
-1 42707 294
-1 42707 53
-1 42707 206
-1 42707 364
-1 42707 206
-1 42707 104
-1 42707 104
-1 42707 100
-1 42707 274
-1 34665 240
-1 34665 9
-1 34665 139
-1 34665 154
-1 34665 177
-1 34665 239
-1 34665 269
-1 34665 29
-1 34665 116
-1 34665 240
-1 34665 71
-1 34665 239
-1 34665 121
-1 34665 166
-1 34665 15
-1 34665 7
-1 34665 374
-1 29875 285
-1 29875 22
-1 29875 123
-1 29875 12
-1 29875 352
-1 29875 132
-1 29875 40
-1 29875 285
-1 29875 347
-1 29875 218
-1 29875 66
-1 29875 132
-1 29875 194
-1 29875 203
-1 29875 376
-1 29875 347
-1 29875 185
-1 29875 196
-1 16381 331
-1 16381 251
-1 16381 308
-1 16381 308
-1 16381 132
-1 16381 179
-1 16381 88
-1 16381 245
-1 16381 52
-1 16381 198
-1 16381 52
-1 16381 99
-1 16381 251
-1 16381 61
-1 16381 99
-1 16381 302
-1 16381 326
-1 16381 17
-1 41997 366
-1 41997 226
-1 41997 155
-1 41997 308
-1 41997 10
-1 41997 251
-1 41997 365
-1 41997 225
-1 41997 473
-1 41997 43
-1 41997 469
-1 41997 489
-1 41997 366
-1 41997 155
-1 41997 423
-1 41997 8
-1 41997 531
-1 41997 510
-1 41997 423
-1 41962 442
-1 41962 233
-1 41962 82
-1 41962 22
-1 41962 273
-1 41962 48
-1 41962 332
-1 41962 184
-1 41962 213
-1 41962 193
-1 41962 451
-1 41962 193
-1 41962 266
-1 41962 82
-1 41962 95
-1 1861 172
-1 1861 24
-1 1861 191
-1 1861 158
-1 1861 82
-1 1861 75
-1 1861 168
-1 1861 64
-1 1861 69
-1 1861 2
-1 1861 41
-1 1861 178
-1 1861 105
-1 1861 44
-1 1861 35
-1 1861 49
-1 1861 45
-1 8369 158
-1 8369 172
-1 8369 323
-1 8369 7
-1 8369 93
-1 8369 158
-1 8369 111
-1 8369 87
-1 8369 309
-1 8369 54
-1 8369 58
-1 8369 122
-1 8369 236
-1 8369 164
-1 8369 70
-1 8369 127
-1 8369 15
-1 8369 221
-1 8369 278
-1 36925 139
-1 36925 50
-1 36925 65
-1 36925 54
-1 36925 21
-1 36925 92
-1 36925 82
-1 36925 94
-1 36925 36
-1 36925 6
-1 36925 52
-1 36925 37
-1 36925 18
-1 36925 73
-1 36925 82
-1 36925 53
-1 36925 29
-1 36925 6
-1 7121 263
-1 7121 344
-1 7121 448
-1 7121 273
-1 7121 422
-1 7121 341
-1 7121 40
-1 7121 55
-1 7121 274
-1 7121 481
-1 7121 111
-1 7121 273
-1 7121 190
-1 7121 53
-1 7121 55
-1 7121 35
-1 7121 90
-1 7121 365
-1 40355 493
-1 40355 278
-1 40355 450
-1 40355 219
-1 40355 339
-1 40355 445
-1 40355 548
-1 40355 444
-1 40355 419
-1 40355 272
-1 22345 14
-1 22345 162
-1 22345 6
-1 22345 230
-1 22345 44
-1 22345 32
-1 22345 23
-1 22345 172
-1 22345 72
-1 22345 144
-1 22345 42
-1 22345 149
-1 22345 197
-1 22345 36
-1 22345 197
-1 22345 2
-1 22345 123
-1 22345 219
-1 22345 102
-1 35182 203
-1 42476 399
-1 42350 98
-1 32580 95
-1 40260 392
-1 18080 80
-1 32994 486
-1 26893 127
-1 716 267
-1 37780 96
-1 22538 9
-1 33593 13
-1 2424 321
-1 15956 339
-1 6648 1
-1 42818 310
-1 13958 161
-1 34234 279
-1 32708 17
-1 37384 54
-1 36683 333
-1 41898 401
-1 41898 236
-1 41898 171
-1 41898 252
-1 41898 252
-1 41898 178
-1 41898 320
-1 41898 326
-1 41898 218
-1 41898 320
-1 41898 333
-1 41898 236
-1 41898 88
-1 41898 391
-1 41898 326
-1 41898 307
-1 41899 374
-1 41899 304
-1 41899 255
-1 41899 214
-1 41899 371
-1 41899 149
-1 41899 342
-1 41899 526
-1 41899 28
-1 41899 214
-1 41899 2
-1 41899 491
-1 41899 507
-1 41899 192
-1 41899 491
-1 41899 175
-1 41899 206
-1 41899 526
-1 41899 280
-1 41899 339
-1 41962 516
-1 42474 264
-1 42474 312
-1 42474 220
-1 42474 101
-1 42474 157
-1 42474 220
-1 42474 96
-1 42474 329
-1 42474 280
-1 42474 224
-1 42474 72
-1 42474 212
-1 42474 166
-1 42474 234
-1 42474 236
-1 42474 264
-1 42474 62
-1 42474 229
-1 42474 101
-1 42298 14
-1 42298 200
-1 42298 391
-1 42298 319
-1 42298 30
-1 42298 373
-1 42298 373
-1 42298 373
-1 42298 129
-1 42298 150
-1 42298 283
-1 42298 172
-1 42298 178
-1 42298 30
-1 42298 19
-1 42298 319
-1 42298 270
-1 42298 365
-1 42298 19
-1 42298 214
-1 42266 132
-1 42266 354
-1 42266 272
-1 42266 288
-1 42266 118
-1 42266 132
-1 42266 186
-1 42266 132
-1 42266 443
-1 42266 118
-1 42266 285
-1 42266 186
-1 42266 118
-1 42266 443
-1 42266 443
-1 42266 138
-1 42266 354
-1 42266 381
-1 42266 258
-1 42266 233
-1 42074 1
-1 42074 296
-1 42074 93
-1 42074 258
-1 42074 194
-1 42074 70
-1 42074 1
-1 42074 318
-1 42074 205
-1 42074 277
-1 42074 78
-1 42074 277
-1 42074 107
-1 42074 94
-1 42074 308
-1 42074 205
-1 42074 96
-1 42074 174
-1 42074 174
-1 42074 78
-1 42465 205
-1 42465 166
-1 42465 37
-1 42465 37
-1 42465 352
-1 42465 284
-1 42465 492
-1 42465 284
-1 42465 253
-1 42465 228
-1 42465 437
-1 42465 418
-1 42465 229
-1 42465 151
-1 42465 94
-1 42465 239
-1 42465 509
-1 42465 140
-1 42465 201
-1 33203 637
-1 33203 278
-1 33203 308
-1 33203 271
-1 39156 195
-1 36673 369
-1 29177 218
-1 18536 258
-1 32462 202
-1 31239 347
-1 40573 180
-1 42839 470
-1 31904 16
-1 35533 163
-1 42558 3
-1 33001 187
-1 826 180
-1 23797 240
-1 24168 358
-1 23599 94
-1 23600 89
-1 23607 114
-1 23600 2
-1 19467 31
-1 24183 75
-1 23798 202
-1 31821 133
-1 42138 155
-1 8624 6
-1 6217 170
-1 27635 193
-1 42363 255
-1 41550 345
-1 12864 82
-1 598 271
-1 31256 392
-1 36144 520
-1 23798 104
-1 12317 74
-1 28296 221
-1 9908 323
-1 40211 157
-1 35533 163
-1 35533 222
-1 35533 88
-1 35533 74
-1 35533 169
-1 39156 239
-1 39156 29
-1 39156 234
-1 39156 194
-1 39156 270
-1 36673 39
-1 36673 377
-1 36673 36
-1 36673 37
-1 18536 259
-1 18536 72
-1 18536 277
-1 32462 287
-1 32462 232
-1 32462 283
-1 32462 96
-1 39156 139
-1 39156 92
-1 39156 29
-1 35533 94
-1 35533 220
-1 35533 74
-1 23798 166
-1 23798 104
-1 23798 95
-1 31256 392
-1 31256 362
-1 31256 165
-1 31256 167
-1 31256 79
-1 31256 110
-1 41695 258
-1 22204 354
-1 24545 33
-1 42744 50
-1 26479 256
-1 28842 21
-1 31594 278
-1 16055 444
-1 31680 223
-1 33376 428
-1 16056 271
-1 41285 163
-1 27635 194
-1 23975 289
-1 15854 34
-1 33374 369
-1 37732 163
-1 36170 297
-1 34548 86
-1 24332 217
-1 31940 56
-1 23524 144
-1 16104 45
-1 36789 257
-1 10291 29
-1 10763 12
-1 7883 144
-1 34804 661
-1 20119 252
-1 17912 65
-1 37712 115
-1 23815 66
-1 42316 686
-1 31558 86
-1 37943 74
-1 27047 77
-1 31428 665
-1 42501 184
-1 27959 188
-1 25945 58
-1 20421 142
-1 22437 432
-1 39571 118
-1 22054 333
-1 30553 207
-1 10620 40
-1 7990 284
-1 35816 450
-1 18460 414
-1 12319 558
-1 36692 331
-1 37918 182
-1 38270 57
-1 41592 384
-1 13295 375
-1 34800 14
-1 33592 258
-1 9801 121
-1 23155 721
-1 13463 216
-1 42705 158
-1 42705 281
-1 42707 418
-1 42707 18
-1 34665 256
-1 16381 184
-1 41997 493
-1 41962 550
-1 1861 221
-1 1861 174
-1 36925 104
-1 40355 210
-1 40355 222
-1 26264 334
-1 22509 142
-1 28545 259
-1 37339 56
-1 41901 453
-1 40353 26
-1 37941 455
-1 39246 126
-1 18252 150
-1 37261 228
-1 42595 377
-1 21324 36
-1 41544 957
-1 20837 178
-1 12399 164
-1 42687 174
-1 30959 36
-1 20001 77
-1 19878 87
-1 32706 29
-1 13464 451
-1 27461 176
-1 40171 569
-1 40922 466
-1 38723 331
-1 37701 242
-1 23732 61
-1 29332 266
-1 29055 232
-1 24245 132
-1 13481 62
-1 24322 363
-1 1679 97
-1 26615 98
-1 41898 175
-1 41898 163
-1 42474 296
-1 12715 156
-1 10827 119
-1 42509 136
